0 0.109375 0.7515625 0.009375 0.015625
0 0.09375 0.7515625 0.0125 0.015625
0 0.31875 0.6421875 0.0125 0.0171875
0 0.3578125 0.6421875 0.0125 0.0171875
0 0.3953125 0.64375 0.0125 0.015625
0 0.390625 0.61875 0.0109375 0.0171875
0 0.3640625 0.6203125 0.0140625 0.01875
0 0.346875 0.603125 0.0125 0.0140625
0 0.384375 0.5984375 0.0125 0.015625
0 0.371875 0.5859375 0.0125 0.0140625
0 0.3234375 0.615625 0.0171875 0.028125
0 0.2984375 0.5921875 0.0140625 0.0234375
0 0.01875 0.80625 0.01875 0.015625
0 0.0234375 0.76875 0.021875 0.015625
0 0.021875 0.7578125 0.01875 0.015625
