0 0.11875 0.7109375 0.0125 0.0171875
0 0.1328125 0.7125 0.0109375 0.015625
0 0.3171875 0.61875 0.0109375 0.0140625
0 0.3546875 0.61875 0.0109375 0.0140625
0 0.3890625 0.6203125 0.0125 0.0125
0 0.3828125 0.5953125 0.0109375 0.0125
0 0.3609375 0.596875 0.0109375 0.0140625
0 0.34375 0.58125 0.0125 0.0125
0 0.378125 0.5796875 0.0109375 0.0140625
0 0.365625 0.5671875 0.0109375 0.015625
0 0.3234375 0.59375 0.0171875 0.025
0 0.3015625 0.571875 0.0125 0.0203125
0 0.0515625 0.759375 0.01875 0.0140625
0 0.053125 0.728125 0.015625 0.0140625
0 0.0546875 0.7171875 0.0171875 0.009375
0 0.0484375 0.8703125 0.025 0.015625
