0 0.1484375 0.68125 0.009375 0.0140625
0 0.31875 0.6 0.0109375 0.0109375
0 0.3515625 0.6 0.0109375 0.0125
0 0.3828125 0.6 0.0109375 0.0109375
0 0.3796875 0.5765625 0.009375 0.0109375
0 0.3578125 0.5796875 0.0125 0.0140625
0 0.3421875 0.565625 0.0125 0.0125
0 0.3734375 0.5640625 0.0109375 0.0140625
0 0.3625 0.5546875 0.0109375 0.015625
0 0.3234375 0.5765625 0.0140625 0.0234375
0 0.303125 0.5578125 0.0125 0.01875
0 0.0828125 0.71875 0.01875 0.009375
0 0.08125 0.690625 0.015625 0.0125
0 0.0828125 0.68125 0.015625 0.0109375
0 0.1359375 0.6796875 0.0109375 0.015625
0 0.0765625 0.81875 0.0203125 0.0125
