0 0.31875 0.5796875 0.009375 0.0125
0 0.3484375 0.5796875 0.0078125 0.0125
0 0.3734375 0.58125 0.0109375 0.0140625
0 0.3703125 0.5625 0.009375 0.0140625
0 0.3546875 0.5640625 0.009375 0.0140625
0 0.3671875 0.5484375 0.009375 0.0109375
0 0.3578125 0.540625 0.009375 0.0140625
0 0.3390625 0.55 0.00625 0.0140625
0 0.321875 0.559375 0.0125 0.021875
0 0.3046875 0.54375 0.0109375 0.015625
0 0.171875 0.6484375 0.00625 0.009375
0 0.1609375 0.6484375 0.009375 0.0140625
0 0.1125 0.68125 0.015625 0.0109375
0 0.1125 0.6609375 0.0140625 0.0078125
0 0.1125 0.6515625 0.0140625 0.0078125
0 0.1125 0.7625 0.01875 0.009375
