0 0.115625 0.7390625 0.009375 0.015625
0 0.1 0.7390625 0.0140625 0.015625
0 0.31875 0.6375 0.0109375 0.015625
0 0.35625 0.6359375 0.0109375 0.0171875
0 0.3921875 0.6390625 0.0109375 0.01875
0 0.390625 0.6125 0.0125 0.015625
0 0.3640625 0.6140625 0.0125 0.0203125
0 0.3453125 0.596875 0.0109375 0.0140625
0 0.3828125 0.59375 0.0125 0.0140625
0 0.3703125 0.58125 0.0125 0.0140625
0 0.325 0.6078125 0.015625 0.0265625
0 0.3 0.5859375 0.0140625 0.0234375
0 0.028125 0.7921875 0.0203125 0.0140625
0 0.0328125 0.7578125 0.01875 0.015625
0 0.0328125 0.7453125 0.015625 0.0140625
0 0.0171875 0.9234375 0.0234375 0.015625
