0 0.3171875 0.5703125 0.0109375 0.0171875
0 0.3484375 0.571875 0.009375 0.0140625
0 0.375 0.5703125 0.009375 0.009375
0 0.371875 0.5515625 0.00625 0.009375
0 0.3515625 0.5546875 0.0109375 0.015625
0 0.365625 0.540625 0.0078125 0.0125
0 0.3578125 0.534375 0.009375 0.0140625
0 0.3390625 0.5421875 0.009375 0.0140625
0 0.321875 0.55 0.0109375 0.01875
0 0.3046875 0.534375 0.009375 0.015625
0 0.171875 0.6421875 0.00625 0.0125
0 0.1609375 0.6375 0.0125 0.0109375
0 0.109375 0.6734375 0.0171875 0.0125
0 0.1109375 0.6515625 0.0140625 0.0078125
0 0.1125 0.6421875 0.0125 0.0109375
0 0.109375 0.7546875 0.0171875 0.0109375
