0 0.1125 0.74375 0.0078125 0.015625
0 0.096875 0.74375 0.0140625 0.015625
0 0.31875 0.640625 0.0125 0.015625
0 0.3578125 0.6390625 0.0125 0.01875
0 0.39375 0.640625 0.0109375 0.0171875
0 0.390625 0.615625 0.0125 0.01875
0 0.3640625 0.615625 0.0140625 0.0203125
0 0.346875 0.6 0.0125 0.0125
0 0.3828125 0.5953125 0.0109375 0.0140625
0 0.3703125 0.584375 0.0109375 0.0125
0 0.325 0.6109375 0.015625 0.0296875
0 0.2984375 0.5890625 0.0140625 0.0234375
0 0.025 0.796875 0.01875 0.0140625
0 0.028125 0.7609375 0.0203125 0.015625
0 0.028125 0.75 0.0171875 0.0140625
0 0.0140625 0.93125 0.025 0.015625
