0 0.1609375 0.659375 0.009375 0.0125
0 0.31875 0.5859375 0.0109375 0.009375
0 0.35 0.584375 0.009375 0.0109375
0 0.3796875 0.584375 0.009375 0.0109375
0 0.3765625 0.5640625 0.009375 0.0125
0 0.3546875 0.565625 0.0109375 0.0140625
0 0.3390625 0.553125 0.0109375 0.0109375
0 0.3703125 0.5515625 0.0078125 0.0109375
0 0.3609375 0.5421875 0.0109375 0.015625
0 0.3234375 0.5625 0.0125 0.0234375
0 0.3046875 0.546875 0.0109375 0.015625
0 0.096875 0.6984375 0.015625 0.0125
0 0.0953125 0.6703125 0.0140625 0.0109375
0 0.0953125 0.6625 0.0140625 0.0109375
0 0.1484375 0.6578125 0.0109375 0.0140625
0 0.0953125 0.784375 0.01875 0.015625
