0 0.10625 0.7578125 0.009375 0.015625
0 0.090625 0.7546875 0.0125 0.015625
0 0.31875 0.646875 0.0125 0.01875
0 0.3578125 0.646875 0.0125 0.01875
0 0.3953125 0.6484375 0.0140625 0.015625
0 0.3921875 0.621875 0.0125 0.015625
0 0.365625 0.621875 0.0140625 0.0203125
0 0.346875 0.6046875 0.0109375 0.0140625
0 0.384375 0.6015625 0.0125 0.015625
0 0.371875 0.5875 0.0125 0.0140625
0 0.3234375 0.61875 0.0171875 0.028125
0 0.2984375 0.5953125 0.0140625 0.0265625
0 0.0140625 0.8125 0.01875 0.015625
0 0.01875 0.775 0.025 0.015625
0 0.0171875 0.7625 0.01875 0.015625
