0 0.31875 0.6328125 0.009375 0.0171875
0 0.346875 0.6328125 0.0078125 0.0140625
0 0.375 0.634375 0.009375 0.0125
0 0.3703125 0.615625 0.009375 0.009375
0 0.353125 0.615625 0.0109375 0.0125
0 0.365625 0.6046875 0.0078125 0.0125
0 0.35625 0.59375 0.0078125 0.009375
0 0.340625 0.60625 0.00625 0.0109375
0 0.3234375 0.6171875 0.0125 0.021875
0 0.30625 0.596875 0.0125 0.015625
0 0.175 0.7 0.0078125 0.0109375
0 0.1640625 0.7 0.0109375 0.0109375
0 0.1171875 0.734375 0.015625 0.009375
0 0.115625 0.7125 0.0140625 0.0125
0 0.1171875 0.703125 0.015625 0.009375
0 0.1171875 0.809375 0.01875 0.0109375
