0 0.13125 0.690625 0.015625 0.0140625
0 0.1421875 0.69375 0.0109375 0.0125
0 0.3171875 0.6078125 0.0109375 0.0125
0 0.353125 0.6078125 0.0109375 0.0125
0 0.384375 0.60625 0.0109375 0.0109375
0 0.38125 0.584375 0.009375 0.0109375
0 0.359375 0.5859375 0.0125 0.0140625
0 0.3421875 0.571875 0.0109375 0.0125
0 0.375 0.5703125 0.0109375 0.0140625
0 0.3640625 0.559375 0.0109375 0.015625
0 0.3234375 0.5828125 0.015625 0.0234375
0 0.303125 0.5640625 0.0125 0.01875
0 0.071875 0.7328125 0.01875 0.009375
0 0.0734375 0.7046875 0.015625 0.0140625
0 0.0734375 0.69375 0.0171875 0.009375
0 0.065625 0.8359375 0.0234375 0.015625
