0 0.1203125 0.7296875 0.0109375 0.0171875
0 0.10625 0.7296875 0.0109375 0.01875
0 0.3171875 0.6328125 0.0109375 0.015625
0 0.3578125 0.6328125 0.0125 0.015625
0 0.3921875 0.63125 0.0125 0.0109375
0 0.3859375 0.60625 0.0109375 0.0109375
0 0.3640625 0.609375 0.0125 0.015625
0 0.3453125 0.590625 0.0125 0.0109375
0 0.38125 0.5890625 0.0125 0.0140625
0 0.3671875 0.578125 0.0109375 0.015625
0 0.3234375 0.6046875 0.0171875 0.028125
0 0.3 0.58125 0.0140625 0.0234375
0 0.0359375 0.78125 0.01875 0.0140625
0 0.040625 0.7453125 0.01875 0.0140625
0 0.040625 0.734375 0.01875 0.0078125
0 0.0265625 0.9078125 0.0234375 0.015625
