0 0.31875 0.6265625 0.0078125 0.0125
0 0.346875 0.6234375 0.009375 0.0125
0 0.371875 0.625 0.009375 0.009375
0 0.3671875 0.60625 0.0078125 0.0078125
0 0.3515625 0.60625 0.009375 0.0109375
0 0.3625 0.596875 0.0078125 0.0125
0 0.3578125 0.5859375 0.009375 0.009375
0 0.3375 0.5984375 0.0109375 0.009375
0 0.321875 0.6046875 0.0109375 0.01875
0 0.30625 0.5890625 0.0125 0.015625
0 0.1828125 0.6875 0.0078125 0.009375
0 0.171875 0.6859375 0.0078125 0.0125
0 0.128125 0.7171875 0.015625 0.0125
0 0.1265625 0.696875 0.0109375 0.0109375
0 0.128125 0.6890625 0.0125 0.0109375
0 0.1296875 0.7875 0.015625 0.009375
