0 0.109375 0.75 0.0078125 0.015625
0 0.09375 0.75 0.0140625 0.015625
0 0.31875 0.6421875 0.0125 0.0171875
0 0.3578125 0.6421875 0.0125 0.015625
0 0.3953125 0.64375 0.0125 0.015625
0 0.390625 0.61875 0.0109375 0.015625
0 0.3640625 0.61875 0.0140625 0.01875
0 0.346875 0.6015625 0.0125 0.0140625
0 0.3828125 0.596875 0.0109375 0.0140625
0 0.3703125 0.5859375 0.0109375 0.0140625
0 0.3234375 0.6140625 0.0171875 0.0265625
0 0.2984375 0.5921875 0.0140625 0.025
0 0.0203125 0.8046875 0.01875 0.015625
0 0.025 0.7671875 0.021875 0.015625
0 0.0234375 0.75625 0.0171875 0.0125
