0 0.1171875 0.7375 0.009375 0.015625
0 0.1015625 0.7375 0.0125 0.015625
0 0.31875 0.6359375 0.0109375 0.0171875
0 0.35625 0.6359375 0.0109375 0.015625
0 0.3921875 0.6375 0.0109375 0.015625
0 0.3890625 0.6109375 0.0109375 0.0171875
0 0.3625 0.6125 0.0140625 0.01875
0 0.3453125 0.596875 0.0109375 0.0125
0 0.3828125 0.59375 0.0125 0.015625
0 0.36875 0.5796875 0.0109375 0.0140625
0 0.325 0.6078125 0.015625 0.0265625
0 0.3 0.5859375 0.0140625 0.0234375
0 0.0296875 0.790625 0.0203125 0.0140625
0 0.034375 0.753125 0.01875 0.0140625
0 0.034375 0.74375 0.015625 0.0125
0 0.0203125 0.9203125 0.025 0.01875
