0 0.115625 0.7125 0.0125 0.0171875
0 0.1296875 0.7140625 0.0125 0.01875
0 0.3171875 0.6234375 0.0109375 0.0125
0 0.35625 0.6234375 0.0125 0.0125
0 0.3890625 0.621875 0.0109375 0.0109375
0 0.384375 0.5984375 0.0109375 0.0109375
0 0.3625 0.6015625 0.0125 0.015625
0 0.34375 0.5828125 0.0125 0.0109375
0 0.378125 0.58125 0.0109375 0.0140625
0 0.365625 0.571875 0.0109375 0.015625
0 0.3234375 0.596875 0.0171875 0.028125
0 0.3015625 0.575 0.0125 0.021875
0 0.046875 0.765625 0.0171875 0.0140625
0 0.0484375 0.7328125 0.0171875 0.0109375
0 0.0515625 0.721875 0.01875 0.0078125
0 0.0421875 0.878125 0.0265625 0.015625
