0 0.15 0.6796875 0.009375 0.0140625
0 0.31875 0.5984375 0.0109375 0.0109375
0 0.3515625 0.596875 0.0109375 0.0140625
0 0.3828125 0.5984375 0.0109375 0.0109375
0 0.3796875 0.5765625 0.009375 0.0109375
0 0.3578125 0.578125 0.0125 0.0140625
0 0.340625 0.565625 0.0109375 0.0125
0 0.3734375 0.5640625 0.009375 0.0125
0 0.3625 0.5515625 0.0109375 0.015625
0 0.3234375 0.575 0.0140625 0.0234375
0 0.303125 0.55625 0.0109375 0.0171875
0 0.08125 0.7171875 0.0203125 0.0125
0 0.0796875 0.6890625 0.0140625 0.0125
0 0.08125 0.678125 0.015625 0.0109375
0 0.1375 0.675 0.0125 0.0140625
0 0.078125 0.8140625 0.0203125 0.0140625
