0 0.121875 0.7046875 0.0140625 0.015625
0 0.1359375 0.7046875 0.0109375 0.0140625
0 0.3171875 0.615625 0.0109375 0.0125
0 0.3546875 0.615625 0.0125 0.0125
0 0.3875 0.615625 0.0125 0.0109375
0 0.3828125 0.590625 0.009375 0.0109375
0 0.3609375 0.59375 0.0125 0.0140625
0 0.34375 0.5765625 0.0125 0.0109375
0 0.3765625 0.5765625 0.0109375 0.0125
0 0.3640625 0.565625 0.0109375 0.015625
0 0.3234375 0.590625 0.015625 0.025
0 0.3015625 0.56875 0.0140625 0.021875
0 0.0609375 0.7484375 0.0203125 0.01875
0 0.0609375 0.715625 0.0171875 0.0109375
0 0.0625 0.703125 0.0171875 0.0078125
0 0.0546875 0.859375 0.025 0.015625
