0 0.1015625 0.7640625 0.009375 0.0125
0 0.0859375 0.7609375 0.0125 0.015625
0 0.3171875 0.65 0.0140625 0.0171875
0 0.359375 0.65 0.0125 0.0171875
0 0.396875 0.6515625 0.0140625 0.015625
0 0.3921875 0.6265625 0.0109375 0.015625
0 0.365625 0.6265625 0.0140625 0.01875
0 0.346875 0.6078125 0.0109375 0.0109375
0 0.3859375 0.6046875 0.0125 0.015625
0 0.371875 0.5921875 0.0109375 0.0125
0 0.3234375 0.6203125 0.0171875 0.0296875
0 0.296875 0.5984375 0.0140625 0.0234375
0 0.0109375 0.7796875 0.015625 0.0109375
0 0.0109375 0.76875 0.01875 0.015625
