0 0.15625 0.6671875 0.009375 0.0125
0 0.31875 0.590625 0.0109375 0.0109375
0 0.35 0.5890625 0.009375 0.0140625
0 0.38125 0.5890625 0.009375 0.0125
0 0.3765625 0.56875 0.0109375 0.0109375
0 0.3546875 0.571875 0.0109375 0.0125
0 0.340625 0.5578125 0.0109375 0.0125
0 0.371875 0.55625 0.009375 0.0125
0 0.3609375 0.546875 0.0109375 0.015625
0 0.3234375 0.5671875 0.0125 0.0234375
0 0.3046875 0.55 0.0125 0.015625
0 0.0890625 0.70625 0.0171875 0.0140625
0 0.0890625 0.68125 0.0140625 0.0125
0 0.0890625 0.6703125 0.0140625 0.0109375
0 0.1453125 0.6640625 0.0125 0.0140625
0 0.0875 0.7984375 0.0203125 0.0125
