0 0.31875 0.6328125 0.009375 0.015625
0 0.3484375 0.634375 0.009375 0.015625
0 0.375 0.63125 0.009375 0.0109375
0 0.3703125 0.615625 0.009375 0.009375
0 0.353125 0.6140625 0.0109375 0.015625
0 0.365625 0.603125 0.0078125 0.0125
0 0.35625 0.59375 0.0078125 0.009375
0 0.3390625 0.603125 0.0078125 0.0125
0 0.3234375 0.615625 0.0125 0.0234375
0 0.30625 0.5953125 0.0125 0.015625
0 0.175 0.7 0.0078125 0.009375
0 0.165625 0.6984375 0.0109375 0.0125
0 0.11875 0.7328125 0.015625 0.009375
0 0.1171875 0.7109375 0.0140625 0.009375
0 0.11875 0.7015625 0.015625 0.009375
0 0.1171875 0.809375 0.0171875 0.009375
