0 0.115625 0.740625 0.009375 0.01875
0 0.1 0.7421875 0.0125 0.015625
0 0.31875 0.6390625 0.0125 0.01875
0 0.35625 0.6359375 0.0109375 0.0171875
0 0.39375 0.6390625 0.0125 0.01875
0 0.390625 0.6125 0.0125 0.0171875
0 0.3640625 0.6140625 0.0125 0.0203125
0 0.3453125 0.596875 0.0109375 0.0140625
0 0.3828125 0.59375 0.0109375 0.0140625
0 0.3703125 0.58125 0.0109375 0.0140625
0 0.325 0.609375 0.015625 0.0296875
0 0.2984375 0.5875 0.0140625 0.0265625
0 0.0265625 0.79375 0.0203125 0.015625
0 0.03125 0.7578125 0.0203125 0.0140625
0 0.03125 0.746875 0.0171875 0.0109375
0 0.0171875 0.925 0.025 0.015625
