0 0.1171875 0.7375 0.009375 0.0171875
0 0.1 0.7390625 0.0140625 0.015625
0 0.31875 0.6375 0.0109375 0.015625
0 0.35625 0.6359375 0.0109375 0.015625
0 0.3921875 0.6390625 0.0109375 0.01875
0 0.390625 0.6109375 0.0125 0.0171875
0 0.3625 0.6140625 0.0140625 0.0203125
0 0.3453125 0.596875 0.0109375 0.0140625
0 0.3828125 0.59375 0.0125 0.0140625
0 0.3703125 0.58125 0.0125 0.0140625
0 0.325 0.6078125 0.015625 0.0265625
0 0.3 0.5859375 0.0140625 0.0234375
0 0.0296875 0.790625 0.021875 0.0140625
0 0.0328125 0.75625 0.0203125 0.0125
0 0.0328125 0.74375 0.0171875 0.0140625
0 0.01875 0.921875 0.025 0.015625
