0 0.103125 0.7609375 0.009375 0.0140625
0 0.0875 0.759375 0.0125 0.015625
0 0.3171875 0.6484375 0.0140625 0.0171875
0 0.359375 0.65 0.0125 0.015625
0 0.396875 0.65 0.0140625 0.015625
0 0.3921875 0.625 0.0109375 0.0171875
0 0.365625 0.6265625 0.0140625 0.01875
0 0.346875 0.6078125 0.0109375 0.0125
0 0.384375 0.603125 0.0109375 0.015625
0 0.371875 0.5890625 0.0109375 0.0140625
0 0.3234375 0.6203125 0.0171875 0.028125
0 0.296875 0.5984375 0.0140625 0.025
0 0.0125 0.778125 0.0203125 0.0109375
0 0.0125 0.7671875 0.01875 0.015625
