0 0.153125 0.6734375 0.009375 0.0140625
0 0.31875 0.5953125 0.0109375 0.0125
0 0.35 0.59375 0.0109375 0.0140625
0 0.38125 0.5953125 0.0109375 0.0125
0 0.378125 0.5734375 0.009375 0.0125
0 0.35625 0.575 0.0109375 0.0109375
0 0.340625 0.5609375 0.0109375 0.0109375
0 0.3734375 0.559375 0.009375 0.0109375
0 0.3609375 0.55 0.0109375 0.015625
0 0.3234375 0.5703125 0.0140625 0.0234375
0 0.303125 0.553125 0.0109375 0.01875
0 0.0875 0.7109375 0.0203125 0.0171875
0 0.0859375 0.68125 0.015625 0.0125
0 0.0859375 0.671875 0.015625 0.009375
0 0.140625 0.6703125 0.0109375 0.0125
0 0.0828125 0.8078125 0.0203125 0.0125
