0 0.3171875 0.6234375 0.0078125 0.0125
0 0.3453125 0.6203125 0.009375 0.0140625
0 0.371875 0.6234375 0.009375 0.009375
0 0.3671875 0.60625 0.0078125 0.009375
0 0.3515625 0.6046875 0.009375 0.0140625
0 0.3609375 0.5953125 0.0078125 0.0125
0 0.35625 0.584375 0.009375 0.009375
0 0.3375 0.5953125 0.009375 0.0109375
0 0.321875 0.603125 0.0109375 0.01875
0 0.30625 0.5875 0.0125 0.015625
0 0.1859375 0.684375 0.00625 0.009375
0 0.175 0.68125 0.0078125 0.0140625
0 0.1296875 0.7109375 0.0140625 0.009375
0 0.13125 0.69375 0.0125 0.009375
0 0.13125 0.6859375 0.0125 0.009375
0 0.1328125 0.7828125 0.0140625 0.0109375
