0 0.128125 0.721875 0.0125 0.015625
0 0.1125 0.7203125 0.0125 0.0171875
0 0.3171875 0.6265625 0.0109375 0.015625
0 0.35625 0.6265625 0.0125 0.015625
0 0.390625 0.6265625 0.0125 0.0125
0 0.384375 0.6 0.0109375 0.0109375
0 0.3625 0.603125 0.0125 0.015625
0 0.3453125 0.5875 0.0125 0.0125
0 0.3796875 0.5859375 0.0125 0.0140625
0 0.365625 0.5734375 0.0109375 0.015625
0 0.3234375 0.6 0.0171875 0.025
0 0.3 0.5765625 0.0140625 0.0234375
0 0.04375 0.771875 0.01875 0.0125
0 0.0453125 0.7375 0.015625 0.0140625
0 0.046875 0.7265625 0.0171875 0.009375
0 0.0375 0.8875 0.0265625 0.015625
