0 0.153125 0.675 0.009375 0.0125
0 0.31875 0.5953125 0.0109375 0.0109375
0 0.3515625 0.5953125 0.009375 0.0125
0 0.38125 0.5953125 0.0109375 0.0125
0 0.378125 0.5734375 0.009375 0.0125
0 0.35625 0.5765625 0.0109375 0.0125
0 0.340625 0.5609375 0.0109375 0.0109375
0 0.3734375 0.5609375 0.009375 0.0125
0 0.3625 0.55 0.0109375 0.015625
0 0.3234375 0.5734375 0.0140625 0.0234375
0 0.303125 0.553125 0.0109375 0.0203125
0 0.0859375 0.7140625 0.015625 0.0125
0 0.0859375 0.6859375 0.015625 0.0109375
0 0.0859375 0.678125 0.0140625 0.009375
0 0.140625 0.671875 0.0125 0.0140625
0 0.08125 0.809375 0.0203125 0.0109375
