0 0.159375 0.6609375 0.009375 0.0109375
0 0.31875 0.5875 0.0109375 0.0125
0 0.35 0.5859375 0.009375 0.0140625
0 0.3796875 0.5875 0.009375 0.0125
0 0.3765625 0.565625 0.009375 0.0125
0 0.3546875 0.5671875 0.0109375 0.0109375
0 0.340625 0.55625 0.0125 0.0125
0 0.3703125 0.553125 0.0078125 0.0109375
0 0.3609375 0.54375 0.0109375 0.015625
0 0.3234375 0.5640625 0.0125 0.0203125
0 0.3046875 0.546875 0.0125 0.0171875
0 0.09375 0.7 0.015625 0.0109375
0 0.09375 0.675 0.015625 0.0125
0 0.09375 0.665625 0.0140625 0.0109375
0 0.146875 0.659375 0.0109375 0.0140625
0 0.0921875 0.7875 0.0203125 0.0125
