0 0.125 0.725 0.0125 0.01875
0 0.1109375 0.7234375 0.0125 0.0203125
0 0.3171875 0.628125 0.0109375 0.015625
0 0.3578125 0.628125 0.0125 0.015625
0 0.390625 0.628125 0.0125 0.0125
0 0.3859375 0.603125 0.009375 0.0125
0 0.3640625 0.6046875 0.0125 0.015625
0 0.3453125 0.5890625 0.0125 0.0125
0 0.3796875 0.5875 0.0109375 0.0125
0 0.3671875 0.575 0.0109375 0.015625
0 0.3234375 0.6 0.0171875 0.0265625
0 0.3 0.578125 0.0140625 0.021875
0 0.040625 0.775 0.01875 0.0140625
0 0.0421875 0.7421875 0.0171875 0.0140625
0 0.0453125 0.7296875 0.01875 0.0078125
0 0.0328125 0.89375 0.0234375 0.0171875
