0 0.1515625 0.678125 0.009375 0.0125
0 0.31875 0.596875 0.0109375 0.0125
0 0.3515625 0.596875 0.009375 0.0125
0 0.3828125 0.596875 0.009375 0.0125
0 0.378125 0.575 0.0109375 0.0109375
0 0.35625 0.5765625 0.0109375 0.0109375
0 0.340625 0.5640625 0.0109375 0.0125
0 0.3734375 0.5609375 0.009375 0.0109375
0 0.3625 0.5515625 0.0109375 0.015625
0 0.3234375 0.5734375 0.0140625 0.0234375
0 0.303125 0.5546875 0.0109375 0.0171875
0 0.0859375 0.7140625 0.01875 0.0125
0 0.0859375 0.6859375 0.015625 0.0125
0 0.0859375 0.6765625 0.015625 0.009375
0 0.1390625 0.6734375 0.0125 0.0140625
0 0.0796875 0.8140625 0.0203125 0.0125
