0 0.31875 0.6328125 0.0109375 0.015625
0 0.3484375 0.63125 0.009375 0.0125
0 0.375 0.63125 0.009375 0.0109375
0 0.3703125 0.6140625 0.009375 0.0109375
0 0.353125 0.6125 0.0109375 0.0140625
0 0.3640625 0.603125 0.0078125 0.0125
0 0.3578125 0.5921875 0.009375 0.0109375
0 0.340625 0.603125 0.009375 0.0125
0 0.3234375 0.615625 0.0125 0.021875
0 0.30625 0.59375 0.0109375 0.0140625
0 0.1765625 0.696875 0.0078125 0.0109375
0 0.1671875 0.696875 0.0109375 0.0125
0 0.1203125 0.73125 0.015625 0.009375
0 0.11875 0.709375 0.0140625 0.009375
0 0.11875 0.7 0.0140625 0.009375
0 0.11875 0.80625 0.0171875 0.0109375
