0 0.3171875 0.634375 0.0109375 0.015625
0 0.3484375 0.634375 0.0078125 0.015625
0 0.375 0.634375 0.0109375 0.0109375
0 0.3703125 0.615625 0.00625 0.0109375
0 0.353125 0.615625 0.009375 0.0125
0 0.365625 0.603125 0.009375 0.0140625
0 0.3578125 0.59375 0.009375 0.015625
0 0.3390625 0.6046875 0.00625 0.0125
0 0.321875 0.6140625 0.0125 0.0203125
0 0.30625 0.5953125 0.0125 0.0171875
0 0.175 0.7015625 0.00625 0.0125
0 0.1640625 0.6984375 0.0078125 0.0125
0 0.1140625 0.7328125 0.0140625 0.009375
0 0.1140625 0.7125 0.0140625 0.0109375
0 0.115625 0.703125 0.0109375 0.0078125
0 0.1140625 0.8140625 0.01875 0.0125
