0 0.14375 0.690625 0.0109375 0.0140625
0 0.3171875 0.60625 0.0109375 0.0109375
0 0.353125 0.6046875 0.0109375 0.0140625
0 0.384375 0.60625 0.0109375 0.0109375
0 0.38125 0.5828125 0.009375 0.0109375
0 0.359375 0.5859375 0.0125 0.0140625
0 0.3421875 0.571875 0.0109375 0.0125
0 0.375 0.56875 0.0109375 0.0109375
0 0.3640625 0.5578125 0.0109375 0.015625
0 0.3234375 0.5828125 0.015625 0.025
0 0.303125 0.5609375 0.0125 0.0203125
0 0.0734375 0.7296875 0.015625 0.015625
0 0.075 0.7015625 0.015625 0.0109375
0 0.075 0.6921875 0.0171875 0.009375
0 0.13125 0.6875 0.0125 0.015625
0 0.06875 0.834375 0.0203125 0.0125
