0 0.1640625 0.653125 0.009375 0.0109375
0 0.31875 0.5828125 0.0109375 0.009375
0 0.3484375 0.58125 0.009375 0.0125
0 0.378125 0.58125 0.009375 0.0125
0 0.375 0.559375 0.009375 0.0109375
0 0.353125 0.5625 0.0109375 0.0140625
0 0.3390625 0.55 0.0109375 0.0125
0 0.36875 0.5484375 0.0078125 0.0125
0 0.359375 0.5390625 0.0109375 0.015625
0 0.3234375 0.559375 0.0125 0.0234375
0 0.3046875 0.5421875 0.0109375 0.015625
0 0.1015625 0.690625 0.015625 0.0125
0 0.1 0.665625 0.0140625 0.0125
0 0.1 0.6578125 0.0140625 0.0125
0 0.1515625 0.6515625 0.0109375 0.0140625
0 0.1 0.7765625 0.0203125 0.0125
