0 0.31875 0.571875 0.009375 0.0140625
0 0.35 0.571875 0.009375 0.0125
0 0.375 0.571875 0.009375 0.0109375
0 0.371875 0.553125 0.00625 0.009375
0 0.353125 0.5546875 0.0109375 0.015625
0 0.365625 0.5390625 0.0078125 0.009375
0 0.3578125 0.534375 0.009375 0.0140625
0 0.3390625 0.540625 0.009375 0.0140625
0 0.321875 0.5515625 0.0109375 0.0203125
0 0.3046875 0.5328125 0.009375 0.0171875
0 0.1703125 0.6390625 0.00625 0.0109375
0 0.159375 0.640625 0.0109375 0.015625
0 0.109375 0.675 0.01875 0.0125
0 0.109375 0.653125 0.0171875 0.0109375
0 0.1109375 0.6421875 0.0140625 0.0109375
0 0.109375 0.75625 0.01875 0.0109375
