0 0.11875 0.709375 0.0140625 0.01875
0 0.134375 0.7109375 0.0125 0.015625
0 0.3171875 0.61875 0.0109375 0.0140625
0 0.3546875 0.61875 0.0109375 0.015625
0 0.3875 0.61875 0.0109375 0.0125
0 0.3828125 0.5953125 0.0109375 0.0125
0 0.3609375 0.596875 0.0125 0.015625
0 0.34375 0.58125 0.0125 0.0125
0 0.378125 0.5796875 0.0125 0.0125
0 0.365625 0.5671875 0.0109375 0.015625
0 0.3234375 0.5921875 0.015625 0.0265625
0 0.3015625 0.5703125 0.0140625 0.021875
0 0.05625 0.7546875 0.0203125 0.0109375
0 0.0578125 0.725 0.015625 0.0125
0 0.059375 0.7125 0.01875 0.0109375
0 0.05 0.8671875 0.025 0.015625
