0 0.146875 0.6859375 0.009375 0.0125
0 0.31875 0.603125 0.0109375 0.0125
0 0.3515625 0.603125 0.0109375 0.0125
0 0.384375 0.603125 0.009375 0.0125
0 0.3796875 0.58125 0.0109375 0.0125
0 0.3578125 0.58125 0.0109375 0.0140625
0 0.3421875 0.5671875 0.0125 0.0109375
0 0.375 0.565625 0.009375 0.0140625
0 0.3625 0.55625 0.0109375 0.015625
0 0.3234375 0.578125 0.0140625 0.0234375
0 0.303125 0.559375 0.0125 0.0203125
0 0.078125 0.725 0.0171875 0.0125
0 0.0796875 0.690625 0.015625 0.0140625
0 0.08125 0.68125 0.015625 0.0109375
0 0.134375 0.68125 0.0125 0.0140625
0 0.071875 0.8265625 0.0203125 0.0125
