0 0.31875 0.5734375 0.009375 0.0140625
0 0.35 0.5734375 0.009375 0.0125
0 0.375 0.575 0.0109375 0.009375
0 0.371875 0.5546875 0.009375 0.009375
0 0.353125 0.55625 0.0109375 0.015625
0 0.3671875 0.540625 0.009375 0.0109375
0 0.3578125 0.5359375 0.009375 0.0109375
0 0.3390625 0.54375 0.009375 0.0109375
0 0.321875 0.553125 0.0109375 0.0203125
0 0.3046875 0.534375 0.009375 0.0171875
0 0.16875 0.64375 0.00625 0.0125
0 0.1578125 0.64375 0.0109375 0.0125
0 0.1078125 0.678125 0.015625 0.0125
0 0.1078125 0.6546875 0.015625 0.0078125
0 0.1078125 0.646875 0.0140625 0.009375
0 0.10625 0.7609375 0.0171875 0.0125
