0 0.1453125 0.6875 0.0109375 0.0140625
0 0.31875 0.6046875 0.0109375 0.0125
0 0.3515625 0.603125 0.0109375 0.0140625
0 0.384375 0.6046875 0.0109375 0.0125
0 0.3796875 0.58125 0.0109375 0.0125
0 0.3578125 0.584375 0.0109375 0.0125
0 0.3421875 0.56875 0.0125 0.0109375
0 0.375 0.5671875 0.009375 0.0109375
0 0.3625 0.55625 0.0109375 0.015625
0 0.3234375 0.5796875 0.0140625 0.0265625
0 0.303125 0.5609375 0.0125 0.01875
0 0.075 0.7265625 0.0203125 0.015625
0 0.075 0.6953125 0.015625 0.0140625
0 0.0765625 0.6859375 0.015625 0.009375
0 0.1328125 0.684375 0.0125 0.015625
0 0.0703125 0.8296875 0.0203125 0.0140625
