0 0.1296875 0.6953125 0.015625 0.0140625
0 0.140625 0.6953125 0.0109375 0.0140625
0 0.3171875 0.609375 0.0109375 0.0140625
0 0.353125 0.609375 0.0109375 0.0140625
0 0.3859375 0.6078125 0.0109375 0.0109375
0 0.38125 0.5875 0.0109375 0.0125
0 0.359375 0.5875 0.0125 0.0140625
0 0.3421875 0.5734375 0.0109375 0.0125
0 0.375 0.571875 0.0109375 0.0125
0 0.3640625 0.559375 0.0109375 0.015625
0 0.3234375 0.584375 0.015625 0.025
0 0.303125 0.5640625 0.0125 0.01875
0 0.0703125 0.7359375 0.01875 0.0171875
0 0.0703125 0.703125 0.015625 0.0140625
0 0.071875 0.69375 0.0171875 0.009375
0 0.0640625 0.840625 0.025 0.015625
