0 0.3203125 0.628125 0.009375 0.0140625
0 0.346875 0.6296875 0.0078125 0.0109375
0 0.3734375 0.6296875 0.009375 0.0109375
0 0.3703125 0.6140625 0.009375 0.009375
0 0.353125 0.6125 0.009375 0.0125
0 0.3640625 0.603125 0.0078125 0.0125
0 0.3578125 0.590625 0.009375 0.0109375
0 0.340625 0.603125 0.009375 0.0125
0 0.3234375 0.6140625 0.0125 0.021875
0 0.30625 0.59375 0.0109375 0.0140625
0 0.1765625 0.6953125 0.0078125 0.009375
0 0.16875 0.696875 0.0109375 0.0125
0 0.1203125 0.728125 0.0171875 0.0109375
0 0.1203125 0.7078125 0.0140625 0.0109375
0 0.1203125 0.6984375 0.0140625 0.0125
0 0.1203125 0.803125 0.0171875 0.0109375
