0 0.1234375 0.703125 0.0140625 0.015625
0 0.1375 0.703125 0.0109375 0.015625
0 0.3171875 0.6125 0.0109375 0.0140625
0 0.3546875 0.6125 0.0125 0.0140625
0 0.3875 0.6140625 0.0125 0.0109375
0 0.3828125 0.590625 0.009375 0.0109375
0 0.3609375 0.5921875 0.0125 0.0125
0 0.34375 0.5765625 0.0125 0.0109375
0 0.3765625 0.575 0.0109375 0.0109375
0 0.3640625 0.5640625 0.0109375 0.015625
0 0.3234375 0.5875 0.015625 0.0265625
0 0.3015625 0.5671875 0.0140625 0.0203125
0 0.0625 0.74375 0.0171875 0.0140625
0 0.0640625 0.7125 0.0171875 0.0140625
0 0.065625 0.7015625 0.0171875 0.0078125
0 0.05625 0.853125 0.025 0.015625
