0 0.3171875 0.6328125 0.0109375 0.015625
0 0.3484375 0.6328125 0.009375 0.0140625
0 0.375 0.6359375 0.0109375 0.0125
0 0.371875 0.615625 0.009375 0.0109375
0 0.353125 0.6171875 0.0109375 0.015625
0 0.365625 0.6046875 0.0078125 0.0125
0 0.3578125 0.5953125 0.0078125 0.0125
0 0.340625 0.6046875 0.00625 0.0140625
0 0.321875 0.615625 0.0109375 0.021875
0 0.3046875 0.596875 0.0140625 0.0171875
0 0.175 0.7 0.00625 0.0109375
0 0.1640625 0.6984375 0.009375 0.015625
0 0.1171875 0.734375 0.015625 0.009375
0 0.115625 0.7125 0.0140625 0.0109375
0 0.115625 0.703125 0.0140625 0.0078125
0 0.1140625 0.8125 0.0171875 0.009375
