0 0.1265625 0.696875 0.0140625 0.0140625
0 0.140625 0.696875 0.0125 0.0140625
0 0.3171875 0.6109375 0.0109375 0.0140625
0 0.353125 0.6109375 0.0109375 0.015625
0 0.3859375 0.6109375 0.0109375 0.0125
0 0.38125 0.5875 0.0109375 0.0125
0 0.359375 0.5890625 0.0109375 0.0140625
0 0.3421875 0.575 0.0109375 0.0109375
0 0.3765625 0.5734375 0.009375 0.0125
0 0.3640625 0.5625 0.0109375 0.015625
0 0.3234375 0.5859375 0.015625 0.025
0 0.303125 0.565625 0.0125 0.01875
0 0.06875 0.7390625 0.01875 0.015625
0 0.06875 0.7078125 0.015625 0.0109375
0 0.0703125 0.696875 0.015625 0.0109375
0 0.0609375 0.8453125 0.0234375 0.015625
