0 0.115625 0.7171875 0.0125 0.01875
0 0.13125 0.715625 0.009375 0.0203125
0 0.3171875 0.6234375 0.0109375 0.0125
0 0.35625 0.6234375 0.0125 0.0125
0 0.3890625 0.6234375 0.0109375 0.0109375
0 0.384375 0.5984375 0.0109375 0.0109375
0 0.3625 0.6015625 0.0125 0.015625
0 0.34375 0.584375 0.0109375 0.0109375
0 0.3796875 0.5828125 0.0125 0.0109375
0 0.365625 0.571875 0.0109375 0.015625
0 0.3234375 0.596875 0.0171875 0.028125
0 0.3015625 0.575 0.0125 0.021875
0 0.046875 0.765625 0.01875 0.0140625
0 0.0484375 0.734375 0.015625 0.0140625
0 0.05 0.7234375 0.0171875 0.009375
0 0.0421875 0.8796875 0.025 0.015625
