0 0.3171875 0.6328125 0.0109375 0.015625
0 0.346875 0.634375 0.0078125 0.0125
0 0.371875 0.634375 0.0109375 0.0140625
0 0.371875 0.6171875 0.009375 0.009375
0 0.353125 0.6171875 0.0109375 0.015625
0 0.365625 0.6046875 0.0078125 0.0078125
0 0.3578125 0.5953125 0.0078125 0.0125
0 0.3390625 0.603125 0.0078125 0.0140625
0 0.321875 0.6125 0.0109375 0.01875
0 0.3046875 0.596875 0.0140625 0.0171875
0 0.175 0.7015625 0.00625 0.0125
0 0.1625 0.7015625 0.0109375 0.0125
0 0.1140625 0.7328125 0.0171875 0.0125
0 0.115625 0.7140625 0.0125 0.0078125
0 0.1171875 0.7046875 0.0125 0.0109375
0 0.1140625 0.8109375 0.0171875 0.0109375
