0 0.1640625 0.6515625 0.0078125 0.0125
0 0.31875 0.5796875 0.0109375 0.0109375
0 0.3484375 0.5796875 0.009375 0.0125
0 0.378125 0.5796875 0.009375 0.0125
0 0.375 0.559375 0.009375 0.0109375
0 0.353125 0.5609375 0.0109375 0.0109375
0 0.3390625 0.55 0.0109375 0.0125
0 0.36875 0.5484375 0.0078125 0.0125
0 0.359375 0.5390625 0.0109375 0.015625
0 0.3234375 0.559375 0.0125 0.021875
0 0.3046875 0.5421875 0.0109375 0.015625
0 0.103125 0.6890625 0.015625 0.0125
0 0.1015625 0.6625 0.0140625 0.0109375
0 0.1015625 0.6546875 0.0140625 0.0109375
0 0.153125 0.65 0.0109375 0.0140625
0 0.1015625 0.771875 0.01875 0.0109375
