0 0.3171875 0.6171875 0.009375 0.009375
0 0.34375 0.615625 0.0078125 0.0109375
0 0.36875 0.6171875 0.009375 0.009375
0 0.3640625 0.6015625 0.0078125 0.009375
0 0.35 0.6 0.0109375 0.0109375
0 0.359375 0.590625 0.0078125 0.009375
0 0.3546875 0.58125 0.009375 0.0125
0 0.3359375 0.590625 0.009375 0.0109375
0 0.321875 0.6 0.0125 0.01875
0 0.30625 0.5859375 0.009375 0.015625
0 0.1890625 0.675 0.00625 0.0125
0 0.1796875 0.675 0.009375 0.0125
0 0.1375 0.703125 0.015625 0.009375
0 0.1375 0.6859375 0.0125 0.009375
0 0.1375 0.678125 0.0125 0.0078125
0 0.1375 0.7734375 0.0140625 0.009375
