0 0.1625 0.6546875 0.009375 0.0109375
0 0.31875 0.584375 0.0109375 0.009375
0 0.3484375 0.5828125 0.009375 0.0109375
0 0.378125 0.5828125 0.0109375 0.0109375
0 0.375 0.5609375 0.009375 0.0109375
0 0.353125 0.5640625 0.0109375 0.0140625
0 0.3390625 0.5515625 0.0109375 0.0109375
0 0.3703125 0.55 0.009375 0.0125
0 0.359375 0.540625 0.0109375 0.015625
0 0.3234375 0.5609375 0.0125 0.0234375
0 0.3046875 0.54375 0.0109375 0.015625
0 0.0984375 0.69375 0.015625 0.0109375
0 0.0984375 0.66875 0.015625 0.0109375
0 0.0984375 0.6609375 0.0140625 0.009375
0 0.15 0.6546875 0.0109375 0.0125
0 0.096875 0.7796875 0.0203125 0.0109375
