0 0.128125 0.6953125 0.0140625 0.0140625
0 0.140625 0.696875 0.0109375 0.015625
0 0.3171875 0.609375 0.0109375 0.0140625
0 0.353125 0.609375 0.0109375 0.0140625
0 0.3859375 0.6109375 0.0109375 0.0125
0 0.38125 0.5875 0.0109375 0.0125
0 0.359375 0.5875 0.0125 0.0140625
0 0.3421875 0.5734375 0.0109375 0.0125
0 0.375 0.571875 0.0109375 0.0140625
0 0.3640625 0.5625 0.0109375 0.015625
0 0.3234375 0.584375 0.015625 0.0234375
0 0.303125 0.5640625 0.0125 0.0203125
0 0.0703125 0.7390625 0.01875 0.015625
0 0.0703125 0.7078125 0.015625 0.0109375
0 0.0703125 0.696875 0.0171875 0.0109375
0 0.0625 0.840625 0.0234375 0.015625
