0 0.1546875 0.6703125 0.0078125 0.0125
0 0.31875 0.5921875 0.0109375 0.0109375
0 0.35 0.5921875 0.0109375 0.0125
0 0.38125 0.590625 0.009375 0.0109375
0 0.378125 0.571875 0.009375 0.0125
0 0.35625 0.571875 0.0125 0.0140625
0 0.340625 0.559375 0.0109375 0.0109375
0 0.371875 0.5578125 0.009375 0.0125
0 0.3609375 0.5484375 0.0109375 0.015625
0 0.3234375 0.56875 0.0125 0.0234375
0 0.3046875 0.55 0.0125 0.0171875
0 0.0875 0.709375 0.015625 0.0109375
0 0.0875 0.6828125 0.015625 0.0125
0 0.0875 0.6734375 0.015625 0.0109375
0 0.14375 0.6671875 0.0125 0.015625
0 0.0859375 0.8 0.0203125 0.0140625
