0 0.125 0.6984375 0.0140625 0.0140625
0 0.1390625 0.7 0.0109375 0.015625
0 0.3171875 0.6125 0.0109375 0.0140625
0 0.353125 0.6125 0.0109375 0.015625
0 0.3859375 0.6125 0.0109375 0.0125
0 0.38125 0.5890625 0.0109375 0.0125
0 0.359375 0.590625 0.0109375 0.015625
0 0.34375 0.575 0.0125 0.0109375
0 0.3765625 0.5734375 0.0109375 0.0140625
0 0.3640625 0.5640625 0.0109375 0.015625
0 0.3234375 0.5875 0.015625 0.0265625
0 0.3015625 0.5671875 0.0140625 0.021875
0 0.065625 0.7421875 0.01875 0.015625
0 0.0671875 0.7109375 0.015625 0.0140625
0 0.0671875 0.7 0.0171875 0.009375
0 0.059375 0.8484375 0.025 0.015625
