0 0.3171875 0.6125 0.009375 0.0125
0 0.34375 0.6109375 0.00625 0.0109375
0 0.3671875 0.6125 0.0078125 0.0125
0 0.3640625 0.5984375 0.00625 0.009375
0 0.3484375 0.596875 0.009375 0.0140625
0 0.3578125 0.5875 0.0078125 0.0109375
0 0.3515625 0.5765625 0.0078125 0.0109375
0 0.3359375 0.5875 0.009375 0.0125
0 0.321875 0.596875 0.0125 0.0171875
0 0.30625 0.58125 0.009375 0.01875
0 0.1921875 0.66875 0.009375 0.009375
0 0.1828125 0.66875 0.009375 0.009375
0 0.140625 0.696875 0.0140625 0.0125
0 0.140625 0.6796875 0.0140625 0.0078125
0 0.1421875 0.671875 0.009375 0.0078125
0 0.1421875 0.7625 0.0140625 0.009375
