0 0.121875 0.728125 0.0109375 0.0171875
0 0.1078125 0.728125 0.0109375 0.01875
0 0.3171875 0.6296875 0.0109375 0.015625
0 0.3578125 0.6296875 0.0125 0.015625
0 0.3921875 0.6296875 0.0125 0.0109375
0 0.3859375 0.60625 0.0109375 0.0109375
0 0.3640625 0.6078125 0.0125 0.0125
0 0.3453125 0.590625 0.0125 0.0109375
0 0.38125 0.5890625 0.0125 0.0140625
0 0.3671875 0.578125 0.0109375 0.015625
0 0.3234375 0.603125 0.0171875 0.0265625
0 0.3 0.58125 0.0140625 0.0234375
0 0.0375 0.7796875 0.01875 0.0125
0 0.0390625 0.7453125 0.0171875 0.0140625
0 0.0421875 0.7328125 0.01875 0.0078125
0 0.028125 0.903125 0.0234375 0.015625
