0 0.3171875 0.6140625 0.009375 0.0078125
0 0.34375 0.6140625 0.009375 0.009375
0 0.3671875 0.615625 0.009375 0.009375
0 0.3625 0.6 0.0078125 0.009375
0 0.3484375 0.5984375 0.0109375 0.0109375
0 0.359375 0.5875 0.0078125 0.0109375
0 0.353125 0.5796875 0.009375 0.0125
0 0.3359375 0.5875 0.009375 0.0140625
0 0.321875 0.5984375 0.0125 0.015625
0 0.30625 0.5828125 0.0125 0.015625
0 0.190625 0.6703125 0.00625 0.0109375
0 0.18125 0.6703125 0.009375 0.009375
0 0.1390625 0.7 0.0140625 0.0109375
0 0.1390625 0.6828125 0.0109375 0.0125
0 0.1390625 0.6734375 0.0109375 0.0109375
0 0.140625 0.765625 0.0140625 0.009375
