0 0.11875 0.7109375 0.0140625 0.015625
0 0.134375 0.7109375 0.0125 0.015625
0 0.3171875 0.61875 0.0109375 0.0140625
0 0.3546875 0.61875 0.0109375 0.0140625
0 0.3890625 0.61875 0.0125 0.0125
0 0.3828125 0.5953125 0.0109375 0.0125
0 0.3609375 0.596875 0.0109375 0.015625
0 0.34375 0.58125 0.0125 0.0125
0 0.378125 0.5796875 0.0109375 0.0140625
0 0.365625 0.5671875 0.0109375 0.015625
0 0.3234375 0.59375 0.0171875 0.025
0 0.3015625 0.571875 0.0125 0.0203125
0 0.05625 0.75625 0.01875 0.0125
0 0.05625 0.7234375 0.0171875 0.0109375
0 0.0578125 0.7109375 0.0171875 0.0078125
0 0.0484375 0.86875 0.025 0.015625
