0 0.1296875 0.71875 0.0125 0.015625
0 0.1140625 0.7171875 0.0125 0.01875
0 0.3171875 0.625 0.0109375 0.015625
0 0.35625 0.625 0.0125 0.015625
0 0.3890625 0.6234375 0.0109375 0.0109375
0 0.384375 0.5984375 0.0109375 0.0109375
0 0.3625 0.6015625 0.0125 0.0140625
0 0.34375 0.584375 0.0109375 0.0109375
0 0.3796875 0.584375 0.0125 0.0125
0 0.365625 0.571875 0.0109375 0.015625
0 0.3234375 0.5984375 0.0171875 0.025
0 0.3015625 0.575 0.0125 0.0234375
0 0.0453125 0.7671875 0.0171875 0.0140625
0 0.046875 0.734375 0.0171875 0.0140625
0 0.05 0.7234375 0.01875 0.0078125
0 0.040625 0.8828125 0.0265625 0.015625
