0 0.3203125 0.628125 0.009375 0.0125
0 0.346875 0.628125 0.0078125 0.0125
0 0.3734375 0.6296875 0.009375 0.0109375
0 0.36875 0.6140625 0.009375 0.009375
0 0.353125 0.6125 0.009375 0.0125
0 0.3640625 0.6 0.0078125 0.0109375
0 0.3578125 0.590625 0.009375 0.0109375
0 0.3390625 0.6015625 0.0109375 0.009375
0 0.3234375 0.6109375 0.0125 0.0203125
0 0.30625 0.5921875 0.0109375 0.0125
0 0.178125 0.69375 0.0078125 0.0109375
0 0.16875 0.6953125 0.00625 0.009375
0 0.121875 0.7265625 0.01875 0.009375
0 0.121875 0.7078125 0.0140625 0.009375
0 0.121875 0.696875 0.0125 0.0125
0 0.1234375 0.8 0.01875 0.0140625
