0 0.146875 0.6828125 0.0109375 0.0140625
0 0.31875 0.603125 0.0109375 0.0125
0 0.3515625 0.6015625 0.0109375 0.0140625
0 0.3828125 0.6 0.0109375 0.0109375
0 0.3796875 0.5796875 0.009375 0.0125
0 0.3578125 0.58125 0.0109375 0.0140625
0 0.3421875 0.5671875 0.0125 0.0109375
0 0.375 0.565625 0.009375 0.0125
0 0.3625 0.5546875 0.0109375 0.015625
0 0.3234375 0.578125 0.0140625 0.025
0 0.303125 0.5578125 0.0125 0.0171875
0 0.078125 0.721875 0.0171875 0.0140625
0 0.0796875 0.69375 0.015625 0.0125
0 0.08125 0.684375 0.015625 0.009375
0 0.134375 0.68125 0.0109375 0.015625
0 0.0734375 0.821875 0.0203125 0.0140625
