0 0.14375 0.6890625 0.0109375 0.0140625
0 0.31875 0.6046875 0.0109375 0.0140625
0 0.3515625 0.6046875 0.0109375 0.0140625
0 0.384375 0.6046875 0.0109375 0.0125
0 0.3796875 0.5828125 0.0109375 0.0109375
0 0.3578125 0.584375 0.0109375 0.0125
0 0.3421875 0.56875 0.0125 0.0109375
0 0.375 0.56875 0.009375 0.0125
0 0.3625 0.5578125 0.0109375 0.015625
0 0.3234375 0.58125 0.0140625 0.0234375
0 0.303125 0.5609375 0.0125 0.0203125
0 0.075 0.728125 0.01875 0.0140625
0 0.075 0.6984375 0.015625 0.0140625
0 0.0765625 0.6890625 0.015625 0.0109375
0 0.1328125 0.684375 0.0125 0.015625
0 0.06875 0.83125 0.0203125 0.0140625
