0 0.31875 0.625 0.009375 0.0140625
0 0.3453125 0.6234375 0.0078125 0.0125
0 0.371875 0.6234375 0.009375 0.009375
0 0.3671875 0.60625 0.0078125 0.0078125
0 0.3515625 0.6046875 0.009375 0.0140625
0 0.3625 0.5953125 0.0078125 0.0109375
0 0.3578125 0.5859375 0.009375 0.009375
0 0.3375 0.5984375 0.0109375 0.009375
0 0.321875 0.6046875 0.0109375 0.01875
0 0.30625 0.5890625 0.0125 0.015625
0 0.184375 0.6859375 0.00625 0.009375
0 0.1734375 0.6828125 0.0078125 0.0140625
0 0.1296875 0.7140625 0.015625 0.0140625
0 0.128125 0.6953125 0.0109375 0.009375
0 0.1296875 0.6875 0.0125 0.009375
0 0.13125 0.7890625 0.015625 0.009375
