0 0.1171875 0.7359375 0.0109375 0.0171875
0 0.1015625 0.7375 0.0140625 0.015625
0 0.31875 0.6359375 0.0109375 0.015625
0 0.35625 0.634375 0.0109375 0.0171875
0 0.3921875 0.6359375 0.0109375 0.0171875
0 0.3890625 0.6109375 0.0125 0.0171875
0 0.3625 0.6125 0.0140625 0.01875
0 0.3453125 0.5953125 0.0109375 0.0140625
0 0.38125 0.5921875 0.0109375 0.0125
0 0.36875 0.5796875 0.0109375 0.0140625
0 0.325 0.6078125 0.015625 0.028125
0 0.3 0.584375 0.0140625 0.0234375
0 0.03125 0.7890625 0.021875 0.0140625
0 0.0359375 0.753125 0.01875 0.0140625
0 0.0359375 0.74375 0.015625 0.0125
0 0.0203125 0.9171875 0.0234375 0.0171875
