0 0.128125 0.7203125 0.0125 0.015625
0 0.1125 0.7203125 0.0109375 0.01875
0 0.3171875 0.6265625 0.0109375 0.015625
0 0.35625 0.6265625 0.0125 0.015625
0 0.390625 0.6265625 0.0125 0.0125
0 0.384375 0.6 0.0109375 0.0109375
0 0.3625 0.603125 0.0125 0.015625
0 0.3453125 0.584375 0.0125 0.0109375
0 0.3796875 0.584375 0.0125 0.0125
0 0.365625 0.5734375 0.0109375 0.015625
0 0.3234375 0.5984375 0.0171875 0.0265625
0 0.3 0.5765625 0.0140625 0.021875
0 0.04375 0.76875 0.01875 0.0140625
0 0.0453125 0.7375 0.0171875 0.0140625
0 0.0484375 0.725 0.01875 0.0078125
0 0.0390625 0.8859375 0.025 0.015625
