0 0.1109375 0.75 0.0078125 0.015625
0 0.0953125 0.746875 0.0125 0.015625
0 0.31875 0.6421875 0.0125 0.015625
0 0.3578125 0.640625 0.0125 0.0171875
0 0.3953125 0.6421875 0.0125 0.0171875
0 0.390625 0.6171875 0.0109375 0.0171875
0 0.3640625 0.61875 0.0140625 0.01875
0 0.346875 0.6015625 0.0125 0.0140625
0 0.3828125 0.596875 0.0109375 0.0140625
0 0.3703125 0.5859375 0.0109375 0.0140625
0 0.325 0.6125 0.015625 0.0296875
0 0.2984375 0.590625 0.0140625 0.0234375
0 0.0203125 0.8015625 0.0203125 0.015625
0 0.0265625 0.765625 0.021875 0.0140625
0 0.0234375 0.753125 0.0171875 0.0140625
