0 0.3171875 0.578125 0.009375 0.0140625
0 0.35 0.5765625 0.009375 0.0125
0 0.3765625 0.5765625 0.009375 0.0109375
0 0.371875 0.55625 0.0078125 0.0109375
0 0.353125 0.5578125 0.0109375 0.0140625
0 0.36875 0.5453125 0.009375 0.009375
0 0.3578125 0.5375 0.0109375 0.0125
0 0.3390625 0.546875 0.0109375 0.0140625
0 0.321875 0.55625 0.0109375 0.0203125
0 0.3046875 0.5390625 0.009375 0.015625
0 0.1671875 0.646875 0.009375 0.0109375
0 0.15625 0.646875 0.0109375 0.0125
0 0.1046875 0.6828125 0.015625 0.0125
0 0.10625 0.6609375 0.0140625 0.009375
0 0.10625 0.6484375 0.0140625 0.0078125
0 0.1046875 0.7671875 0.01875 0.0109375
