0 0.1203125 0.7328125 0.0109375 0.01875
0 0.1046875 0.734375 0.0140625 0.015625
0 0.31875 0.634375 0.0109375 0.015625
0 0.35625 0.6328125 0.0109375 0.015625
0 0.3921875 0.634375 0.009375 0.0171875
0 0.3890625 0.6078125 0.0125 0.01875
0 0.3625 0.6109375 0.0125 0.01875
0 0.3453125 0.59375 0.0109375 0.0140625
0 0.38125 0.5890625 0.0109375 0.0140625
0 0.36875 0.578125 0.0109375 0.0140625
0 0.325 0.6046875 0.015625 0.028125
0 0.3 0.5828125 0.0140625 0.0234375
0 0.034375 0.784375 0.021875 0.0140625
0 0.0390625 0.75 0.01875 0.0140625
0 0.0390625 0.7390625 0.015625 0.0109375
0 0.025 0.9109375 0.025 0.015625
