0 0.3171875 0.5765625 0.009375 0.0125
0 0.35 0.5734375 0.009375 0.0140625
0 0.3765625 0.575 0.009375 0.0109375
0 0.371875 0.5546875 0.009375 0.009375
0 0.353125 0.5578125 0.0109375 0.015625
0 0.3671875 0.54375 0.0078125 0.009375
0 0.3578125 0.5375 0.0109375 0.0125
0 0.3390625 0.5453125 0.009375 0.0109375
0 0.321875 0.5546875 0.0109375 0.021875
0 0.3046875 0.5375 0.009375 0.01875
0 0.1671875 0.6453125 0.0078125 0.0109375
0 0.15625 0.64375 0.0109375 0.0140625
0 0.10625 0.68125 0.015625 0.0125
0 0.1078125 0.6578125 0.015625 0.0109375
0 0.1078125 0.646875 0.015625 0.0078125
0 0.10625 0.7625 0.01875 0.0109375
