0 0.31875 0.6265625 0.009375 0.0171875
0 0.346875 0.6265625 0.0078125 0.0140625
0 0.3734375 0.6265625 0.0078125 0.0140625
0 0.3703125 0.609375 0.0078125 0.009375
0 0.353125 0.6109375 0.009375 0.015625
0 0.365625 0.5984375 0.0078125 0.009375
0 0.3578125 0.5875 0.0109375 0.015625
0 0.3390625 0.5984375 0.0078125 0.0109375
0 0.321875 0.6078125 0.0125 0.021875
0 0.30625 0.5890625 0.0125 0.0140625
0 0.1734375 0.69375 0.00625 0.0109375
0 0.1625 0.6953125 0.009375 0.0140625
0 0.1140625 0.7265625 0.015625 0.0078125
0 0.115625 0.7078125 0.0125 0.009375
0 0.115625 0.7015625 0.0140625 0.00625
0 0.1125 0.8046875 0.0171875 0.009375
