0 0.3171875 0.6203125 0.0109375 0.015625
0 0.3484375 0.61875 0.009375 0.0140625
0 0.375 0.6203125 0.009375 0.0125
0 0.3703125 0.6015625 0.0078125 0.009375
0 0.3515625 0.6015625 0.009375 0.0140625
0 0.365625 0.5890625 0.0078125 0.0125
0 0.35625 0.5796875 0.0078125 0.0140625
0 0.3390625 0.590625 0.0078125 0.0109375
0 0.321875 0.6015625 0.0109375 0.021875
0 0.3046875 0.584375 0.0125 0.01875
0 0.1734375 0.6875 0.0109375 0.0140625
0 0.1625 0.6859375 0.009375 0.0109375
0 0.1140625 0.7203125 0.015625 0.0109375
0 0.1140625 0.7 0.0171875 0.0078125
0 0.115625 0.6921875 0.0125 0.009375
0 0.1140625 0.7984375 0.0171875 0.0109375
