0 0.1140625 0.7421875 0.0078125 0.015625
0 0.0984375 0.7421875 0.0140625 0.015625
0 0.31875 0.6390625 0.0125 0.01875
0 0.35625 0.6375 0.0109375 0.015625
0 0.39375 0.640625 0.0125 0.015625
0 0.390625 0.6125 0.0125 0.0171875
0 0.3640625 0.6140625 0.0125 0.0203125
0 0.3453125 0.5984375 0.0109375 0.0109375
0 0.3828125 0.5953125 0.0109375 0.015625
0 0.3703125 0.58125 0.0109375 0.0140625
0 0.325 0.6109375 0.015625 0.028125
0 0.2984375 0.5890625 0.0140625 0.0234375
0 0.0265625 0.7953125 0.0203125 0.0125
0 0.0296875 0.759375 0.0203125 0.015625
0 0.0296875 0.7484375 0.0171875 0.0125
0 0.015625 0.9265625 0.025 0.015625
