0 0.3171875 0.6203125 0.0078125 0.0125
0 0.34375 0.61875 0.0078125 0.0125
0 0.3703125 0.61875 0.009375 0.0109375
0 0.365625 0.603125 0.0078125 0.0109375
0 0.35 0.603125 0.009375 0.0125
0 0.3609375 0.5921875 0.0078125 0.009375
0 0.3546875 0.5828125 0.009375 0.0109375
0 0.3375 0.5921875 0.009375 0.0109375
0 0.321875 0.6015625 0.0109375 0.0171875
0 0.30625 0.5859375 0.009375 0.015625
0 0.1875 0.678125 0.00625 0.009375
0 0.1765625 0.6765625 0.0078125 0.0109375
0 0.1359375 0.70625 0.015625 0.0078125
0 0.1359375 0.6875 0.0125 0.0078125
0 0.134375 0.68125 0.0125 0.0109375
0 0.1359375 0.778125 0.0140625 0.009375
