0 0.1234375 0.703125 0.0140625 0.015625
0 0.1375 0.703125 0.0125 0.0140625
0 0.3171875 0.615625 0.0109375 0.0125
0 0.3546875 0.6140625 0.0125 0.015625
0 0.3875 0.6140625 0.0125 0.0109375
0 0.3828125 0.590625 0.009375 0.0109375
0 0.3609375 0.59375 0.0125 0.015625
0 0.34375 0.5765625 0.0125 0.0109375
0 0.3765625 0.5765625 0.0109375 0.0125
0 0.3640625 0.5640625 0.0109375 0.015625
0 0.3234375 0.590625 0.015625 0.025
0 0.3015625 0.56875 0.0140625 0.021875
0 0.0640625 0.746875 0.01875 0.015625
0 0.0640625 0.715625 0.015625 0.0109375
0 0.065625 0.7046875 0.0171875 0.0109375
0 0.05625 0.8546875 0.025 0.015625
