0 0.11875 0.7328125 0.0109375 0.01875
0 0.103125 0.734375 0.0140625 0.015625
0 0.31875 0.634375 0.0109375 0.0171875
0 0.35625 0.634375 0.0109375 0.015625
0 0.3921875 0.6359375 0.009375 0.015625
0 0.3890625 0.609375 0.0125 0.0171875
0 0.3625 0.6109375 0.0125 0.01875
0 0.3453125 0.5953125 0.0109375 0.0125
0 0.38125 0.590625 0.0109375 0.015625
0 0.36875 0.578125 0.0109375 0.0140625
0 0.325 0.60625 0.015625 0.0265625
0 0.3 0.584375 0.0140625 0.0234375
0 0.034375 0.784375 0.021875 0.0140625
0 0.0375 0.75 0.0171875 0.0140625
0 0.0390625 0.7390625 0.015625 0.0109375
0 0.0234375 0.9125 0.0234375 0.01875
