0 0.1203125 0.70625 0.0140625 0.015625
0 0.1359375 0.70625 0.0125 0.0140625
0 0.3171875 0.6171875 0.0109375 0.0140625
0 0.3546875 0.6171875 0.0109375 0.0140625
0 0.3875 0.615625 0.0109375 0.0109375
0 0.3828125 0.5921875 0.0109375 0.0109375
0 0.3609375 0.5953125 0.0125 0.015625
0 0.34375 0.5796875 0.0125 0.0125
0 0.3765625 0.578125 0.0109375 0.0140625
0 0.365625 0.565625 0.0109375 0.015625
0 0.3234375 0.5921875 0.015625 0.025
0 0.3015625 0.5703125 0.0140625 0.021875
0 0.059375 0.7515625 0.01875 0.0140625
0 0.0609375 0.7203125 0.015625 0.0140625
0 0.0625 0.709375 0.0171875 0.009375
0 0.0515625 0.8625 0.025 0.015625
