0 0.153125 0.6734375 0.009375 0.0125
0 0.31875 0.5953125 0.0109375 0.0125
0 0.35 0.59375 0.0109375 0.0140625
0 0.38125 0.5921875 0.0109375 0.0109375
0 0.378125 0.5734375 0.009375 0.0125
0 0.35625 0.5734375 0.0109375 0.0140625
0 0.340625 0.5609375 0.0109375 0.0109375
0 0.371875 0.559375 0.0078125 0.0109375
0 0.3609375 0.5484375 0.0109375 0.015625
0 0.3234375 0.5703125 0.0140625 0.0234375
0 0.303125 0.553125 0.0109375 0.01875
0 0.084375 0.7140625 0.0171875 0.0125
0 0.084375 0.6859375 0.0140625 0.0109375
0 0.0859375 0.6765625 0.015625 0.0109375
0 0.1421875 0.6703125 0.0125 0.0125
0 0.0828125 0.80625 0.0203125 0.0125
