0 0.1171875 0.7140625 0.0125 0.0171875
0 0.13125 0.7140625 0.0109375 0.015625
0 0.3171875 0.621875 0.0109375 0.015625
0 0.35625 0.621875 0.0125 0.015625
0 0.3890625 0.621875 0.0125 0.0109375
0 0.384375 0.596875 0.009375 0.0125
0 0.3625 0.6 0.0125 0.0125
0 0.34375 0.5828125 0.0125 0.0109375
0 0.378125 0.58125 0.0109375 0.0140625
0 0.365625 0.5703125 0.0109375 0.015625
0 0.3234375 0.5953125 0.0171875 0.0265625
0 0.3015625 0.575 0.0125 0.021875
0 0.0484375 0.7640625 0.01875 0.0125
0 0.05 0.7328125 0.0171875 0.0125
0 0.0515625 0.71875 0.0171875 0.0078125
0 0.04375 0.8765625 0.0265625 0.015625
