0 0.3171875 0.5734375 0.009375 0.0140625
0 0.3484375 0.5734375 0.009375 0.0140625
0 0.375 0.575 0.009375 0.009375
0 0.3703125 0.55625 0.0078125 0.0125
0 0.353125 0.55625 0.009375 0.015625
0 0.365625 0.5421875 0.0078125 0.0125
0 0.3578125 0.534375 0.009375 0.0140625
0 0.3390625 0.5453125 0.009375 0.0109375
0 0.3234375 0.5546875 0.0125 0.021875
0 0.3046875 0.5375 0.009375 0.0125
0 0.171875 0.6421875 0.00625 0.0125
0 0.159375 0.6421875 0.0109375 0.0140625
0 0.1125 0.678125 0.015625 0.009375
0 0.1125 0.65625 0.01875 0.009375
0 0.1125 0.64375 0.0125 0.0125
0 0.1125 0.759375 0.01875 0.0125
