0 0.1046875 0.759375 0.009375 0.0140625
0 0.0890625 0.7578125 0.0125 0.015625
0 0.3171875 0.6484375 0.0140625 0.0171875
0 0.3578125 0.6484375 0.0109375 0.0171875
0 0.396875 0.65 0.0125 0.015625
0 0.3921875 0.625 0.0125 0.015625
0 0.365625 0.6234375 0.0140625 0.0203125
0 0.346875 0.60625 0.0109375 0.0109375
0 0.384375 0.603125 0.0125 0.015625
0 0.371875 0.5890625 0.0125 0.0140625
0 0.3234375 0.61875 0.0171875 0.0296875
0 0.296875 0.596875 0.0140625 0.0234375
0 0.0109375 0.8140625 0.0203125 0.0125
0 0.0171875 0.7765625 0.025 0.015625
0 0.0140625 0.765625 0.0171875 0.015625
