0 0.3171875 0.6 0.0109375 0.0125
0 0.3484375 0.5984375 0.009375 0.0109375
0 0.3734375 0.6 0.0078125 0.009375
0 0.371875 0.5828125 0.009375 0.009375
0 0.353125 0.5828125 0.009375 0.0109375
0 0.365625 0.56875 0.00625 0.009375
0 0.3578125 0.559375 0.009375 0.0109375
0 0.3390625 0.5703125 0.0078125 0.009375
0 0.3234375 0.5796875 0.0125 0.0203125
0 0.3046875 0.5640625 0.009375 0.01875
0 0.171875 0.665625 0.0078125 0.0140625
0 0.1609375 0.6671875 0.0109375 0.0125
0 0.1109375 0.7 0.0171875 0.0109375
0 0.1140625 0.6796875 0.015625 0.009375
0 0.1125 0.671875 0.0140625 0.009375
0 0.1125 0.7828125 0.01875 0.0125
