0 0.31875 0.58125 0.009375 0.0125
0 0.35 0.5765625 0.009375 0.0109375
0 0.3765625 0.578125 0.0109375 0.009375
0 0.3734375 0.559375 0.0078125 0.009375
0 0.353125 0.5609375 0.0109375 0.0125
0 0.36875 0.546875 0.0078125 0.009375
0 0.3578125 0.5375 0.0109375 0.0109375
0 0.3390625 0.5484375 0.0109375 0.0125
0 0.321875 0.5578125 0.0109375 0.01875
0 0.303125 0.5390625 0.0109375 0.0171875
0 0.165625 0.65 0.0078125 0.0125
0 0.15625 0.6484375 0.0125 0.0140625
0 0.103125 0.6859375 0.0140625 0.009375
0 0.1046875 0.6625 0.0140625 0.0078125
0 0.1046875 0.6515625 0.0140625 0.0078125
0 0.103125 0.7703125 0.01875 0.0109375
