0 0.3203125 0.6296875 0.009375 0.0109375
0 0.346875 0.6265625 0.0078125 0.0125
0 0.3734375 0.628125 0.009375 0.0125
0 0.36875 0.6109375 0.009375 0.0109375
0 0.353125 0.6109375 0.009375 0.0125
0 0.3640625 0.6 0.0078125 0.009375
0 0.3578125 0.5890625 0.009375 0.0125
0 0.3390625 0.6 0.009375 0.0109375
0 0.3234375 0.6078125 0.0125 0.0234375
0 0.3046875 0.5890625 0.0109375 0.0140625
0 0.1796875 0.6921875 0.0078125 0.009375
0 0.16875 0.6890625 0.0078125 0.0140625
0 0.1234375 0.7234375 0.015625 0.009375
0 0.125 0.7046875 0.0125 0.0125
0 0.125 0.69375 0.0125 0.009375
0 0.1234375 0.796875 0.0171875 0.009375
