0 0.31875 0.6109375 0.009375 0.015625
0 0.3484375 0.609375 0.009375 0.0140625
0 0.375 0.609375 0.009375 0.009375
0 0.3703125 0.5921875 0.00625 0.0109375
0 0.353125 0.5921875 0.009375 0.0125
0 0.365625 0.5796875 0.0078125 0.0125
0 0.35625 0.5703125 0.009375 0.0140625
0 0.3390625 0.58125 0.009375 0.0125
0 0.321875 0.590625 0.0125 0.0203125
0 0.3046875 0.5734375 0.009375 0.015625
0 0.171875 0.678125 0.0078125 0.009375
0 0.1625 0.6765625 0.0109375 0.0109375
0 0.1125 0.7109375 0.0171875 0.0078125
0 0.1140625 0.690625 0.0125 0.0078125
0 0.1140625 0.6796875 0.0109375 0.0078125
0 0.1140625 0.7921875 0.01875 0.0125
