0 0.11875 0.734375 0.0109375 0.0171875
0 0.103125 0.7359375 0.0140625 0.015625
0 0.31875 0.6359375 0.0109375 0.015625
0 0.35625 0.634375 0.0109375 0.015625
0 0.3921875 0.6359375 0.0109375 0.0171875
0 0.3890625 0.609375 0.0125 0.0171875
0 0.3625 0.6125 0.0125 0.01875
0 0.3453125 0.5953125 0.0109375 0.0140625
0 0.38125 0.5921875 0.0109375 0.0125
0 0.36875 0.5796875 0.0109375 0.0140625
0 0.325 0.60625 0.015625 0.0265625
0 0.3 0.584375 0.0140625 0.0234375
0 0.0328125 0.7875 0.021875 0.0125
0 0.0375 0.7515625 0.01875 0.0140625
0 0.0375 0.740625 0.015625 0.0125
0 0.0234375 0.9140625 0.025 0.0171875
