0 0.3171875 0.6203125 0.0078125 0.0140625
0 0.34375 0.61875 0.0078125 0.0140625
0 0.3703125 0.61875 0.009375 0.0109375
0 0.365625 0.603125 0.0078125 0.0109375
0 0.35 0.603125 0.009375 0.0140625
0 0.3609375 0.5921875 0.0078125 0.0109375
0 0.3546875 0.584375 0.0109375 0.009375
0 0.3375 0.59375 0.009375 0.009375
0 0.321875 0.6015625 0.0109375 0.0171875
0 0.30625 0.5875 0.009375 0.015625
0 0.1875 0.6796875 0.00625 0.009375
0 0.1765625 0.678125 0.0078125 0.0109375
0 0.134375 0.7078125 0.015625 0.0078125
0 0.134375 0.6890625 0.0125 0.0109375
0 0.1328125 0.6828125 0.0140625 0.0078125
0 0.1359375 0.7796875 0.015625 0.009375
