0 0.1203125 0.7078125 0.0125 0.015625
0 0.134375 0.7078125 0.0109375 0.015625
0 0.3171875 0.61875 0.0109375 0.015625
0 0.3546875 0.61875 0.0109375 0.015625
0 0.3875 0.61875 0.0109375 0.0125
0 0.3828125 0.5953125 0.0109375 0.0125
0 0.3609375 0.5953125 0.0125 0.0140625
0 0.34375 0.5796875 0.0125 0.0125
0 0.378125 0.578125 0.0125 0.0140625
0 0.365625 0.5671875 0.0109375 0.015625
0 0.3234375 0.5921875 0.015625 0.025
0 0.3015625 0.5703125 0.0140625 0.021875
0 0.0578125 0.753125 0.021875 0.0140625
0 0.05625 0.721875 0.0171875 0.0125
0 0.0578125 0.709375 0.0171875 0.0078125
0 0.05 0.8640625 0.025 0.015625
