0 0.3203125 0.628125 0.009375 0.0125
0 0.346875 0.625 0.009375 0.0140625
0 0.3734375 0.6265625 0.009375 0.0125
0 0.36875 0.609375 0.009375 0.009375
0 0.3515625 0.6078125 0.009375 0.0109375
0 0.3625 0.5984375 0.0078125 0.0109375
0 0.3578125 0.5875 0.009375 0.0109375
0 0.3375 0.6 0.0109375 0.009375
0 0.3234375 0.6078125 0.0125 0.021875
0 0.3046875 0.5890625 0.0109375 0.0140625
0 0.18125 0.6890625 0.009375 0.0109375
0 0.1703125 0.6890625 0.0078125 0.0125
0 0.125 0.7203125 0.0140625 0.0125
0 0.125 0.7015625 0.0125 0.009375
0 0.1265625 0.6921875 0.0125 0.009375
0 0.1265625 0.79375 0.0140625 0.009375
