0 0.121875 0.70625 0.0125 0.015625
0 0.1359375 0.70625 0.0125 0.015625
0 0.3171875 0.6171875 0.0109375 0.0140625
0 0.3546875 0.6171875 0.0109375 0.015625
0 0.3875 0.615625 0.0109375 0.0109375
0 0.3828125 0.5921875 0.0109375 0.0109375
0 0.3609375 0.5953125 0.0125 0.015625
0 0.34375 0.5796875 0.0125 0.0125
0 0.3765625 0.578125 0.0109375 0.0140625
0 0.365625 0.565625 0.0109375 0.015625
0 0.3234375 0.5921875 0.015625 0.025
0 0.3015625 0.5703125 0.0140625 0.021875
0 0.059375 0.75 0.0171875 0.0140625
0 0.0609375 0.71875 0.0171875 0.0140625
0 0.0625 0.7078125 0.0171875 0.0078125
0 0.053125 0.8609375 0.025 0.015625
