0 0.3171875 0.5890625 0.009375 0.015625
0 0.346875 0.5875 0.0109375 0.0140625
0 0.3734375 0.5890625 0.0109375 0.015625
0 0.3703125 0.571875 0.0078125 0.0125
0 0.353125 0.571875 0.0125 0.015625
0 0.365625 0.55625 0.0109375 0.0109375
0 0.3578125 0.5484375 0.009375 0.0125
0 0.3390625 0.559375 0.0078125 0.0109375
0 0.321875 0.5703125 0.0109375 0.021875
0 0.303125 0.553125 0.0109375 0.01875
0 0.171875 0.6546875 0.00625 0.0109375
0 0.1609375 0.6546875 0.0109375 0.0109375
0 0.1109375 0.6890625 0.0171875 0.0109375
0 0.1109375 0.66875 0.0171875 0.0078125
0 0.1140625 0.6609375 0.0109375 0.009375
0 0.1125 0.771875 0.015625 0.0125
