0 0.1234375 0.7265625 0.0109375 0.0171875
0 0.1078125 0.725 0.0109375 0.0203125
0 0.3171875 0.6296875 0.0109375 0.015625
0 0.3578125 0.6296875 0.0125 0.015625
0 0.3921875 0.6296875 0.0125 0.0109375
0 0.3859375 0.6046875 0.0109375 0.0125
0 0.3640625 0.60625 0.0125 0.015625
0 0.3453125 0.5890625 0.0125 0.0125
0 0.38125 0.5875 0.0125 0.0140625
0 0.3671875 0.575 0.0109375 0.015625
0 0.3234375 0.603125 0.0171875 0.028125
0 0.3 0.578125 0.0140625 0.0234375
0 0.0390625 0.7765625 0.01875 0.0140625
0 0.040625 0.74375 0.0171875 0.0140625
0 0.04375 0.73125 0.01875 0.0078125
0 0.03125 0.9 0.025 0.0171875
