0 0.4234375 0.6921875 0.01875 0.021875
0 0.46875 0.6875 0.0171875 0.021875
0 0.5109375 0.6859375 0.01875 0.0234375
0 0.49375 0.653125 0.0140625 0.0203125
0 0.4671875 0.6578125 0.0203125 0.0265625
0 0.41875 0.65625 0.0265625 0.0375
0 0.4390625 0.6375 0.01875 0.021875
0 0.48125 0.634375 0.015625 0.01875
0 0.459375 0.61875 0.0171875 0.0171875
0 0.384375 0.63125 0.021875 0.028125
0 0.1265625 0.9125 0.0234375 0.01875
0 0.2171875 0.834375 0.0125 0.01875
0 0.115625 0.8671875 0.0234375 0.015625
0 0.115625 0.8546875 0.028125 0.0140625
0 0.1140625 0.846875 0.0265625 0.0140625
0 0.1140625 0.8390625 0.028125 0.0140625
