0 0.41875 0.5734375 0.0109375 0.0140625
0 0.4484375 0.571875 0.009375 0.0109375
0 0.475 0.571875 0.009375 0.0109375
0 0.465625 0.553125 0.009375 0.0109375
0 0.446875 0.55625 0.0109375 0.015625
0 0.4296875 0.54375 0.009375 0.0109375
0 0.4171875 0.5546875 0.0140625 0.021875
0 0.45625 0.5421875 0.009375 0.0125
0 0.44375 0.5328125 0.009375 0.0125
0 0.39375 0.540625 0.0125 0.01875
0 0.2953125 0.65 0.0078125 0.0125
0 0.246875 0.684375 0.0140625 0.009375
0 0.2390625 0.6625 0.015625 0.0078125
0 0.2375 0.6546875 0.0140625 0.0078125
0 0.234375 0.6484375 0.0140625 0.009375
0 0.275 0.7625 0.015625 0.0109375
