0 0.2671875 0.6453125 0.0125 0.009375
0 0.259375 0.6265625 0.0140625 0.0109375
0 0.25625 0.6171875 0.0140625 0.0078125
0 0.309375 0.615625 0.00625 0.0078125
0 0.4171875 0.553125 0.009375 0.0109375
0 0.44375 0.5515625 0.00625 0.0078125
0 0.4640625 0.5515625 0.0078125 0.0078125
0 0.4578125 0.5375 0.00625 0.009375
0 0.4421875 0.5375 0.009375 0.0109375
0 0.415625 0.534375 0.0125 0.0171875
0 0.4265625 0.528125 0.009375 0.009375
0 0.45 0.525 0.009375 0.0109375
0 0.4390625 0.51875 0.009375 0.0125
0 0.3953125 0.521875 0.0125 0.0203125
0 0.2921875 0.709375 0.0140625 0.0078125
