0 0.171875 0.8234375 0.021875 0.0140625
0 0.1609375 0.7875 0.0203125 0.0109375
0 0.1609375 0.78125 0.0203125 0.009375
0 0.1578125 0.775 0.0203125 0.0109375
0 0.15625 0.7671875 0.0203125 0.0109375
0 0.24375 0.765625 0.0125 0.0140625
0 0.41875 0.65 0.0171875 0.01875
0 0.459375 0.646875 0.0171875 0.01875
0 0.4953125 0.6453125 0.0171875 0.0203125
0 0.48125 0.61875 0.0140625 0.0171875
0 0.4578125 0.621875 0.0203125 0.021875
0 0.4171875 0.61875 0.021875 0.0328125
0 0.4328125 0.603125 0.0140625 0.0171875
0 0.4703125 0.6 0.0125 0.01875
0 0.453125 0.5890625 0.015625 0.015625
0 0.3859375 0.6 0.01875 0.028125
0 0.2015625 0.9640625 0.0234375 0.0171875
