0 0.41875 0.5640625 0.009375 0.0109375
0 0.446875 0.5625 0.009375 0.009375
0 0.4703125 0.5625 0.0078125 0.009375
0 0.4625 0.5453125 0.009375 0.009375
0 0.4453125 0.546875 0.0109375 0.015625
0 0.428125 0.5359375 0.0078125 0.009375
0 0.415625 0.546875 0.0140625 0.021875
0 0.453125 0.534375 0.0109375 0.0125
0 0.4421875 0.525 0.009375 0.0140625
0 0.39375 0.5296875 0.0140625 0.0203125
0 0.3015625 0.634375 0.0078125 0.0109375
0 0.25625 0.665625 0.0140625 0.0109375
0 0.2484375 0.6453125 0.0125 0.0109375
0 0.2453125 0.634375 0.0140625 0.0109375
0 0.2828125 0.740625 0.0125 0.009375
0 0.2828125 0.7390625 0.0140625 0.0109375
