0 0.43125 0.75625 0.0203125 0.025
0 0.490625 0.7515625 0.021875 0.0265625
0 0.5390625 0.7515625 0.0234375 0.0265625
0 0.51875 0.7078125 0.01875 0.0234375
0 0.4875 0.7125 0.021875 0.03125
0 0.428125 0.7109375 0.028125 0.040625
0 0.45 0.6859375 0.0171875 0.0234375
0 0.5015625 0.6828125 0.021875 0.028125
0 0.4765625 0.6609375 0.0203125 0.0234375
0 0.384375 0.678125 0.021875 0.0375
0 0.1671875 0.95625 0.01875 0.0234375
0 0.0359375 0.9875 0.03125 0.015625
0 0.0359375 0.971875 0.0328125 0.0171875
0 0.03125 0.9625 0.0296875 0.015625
