0 0.4234375 0.6890625 0.01875 0.0203125
0 0.4671875 0.6859375 0.0171875 0.021875
0 0.509375 0.684375 0.01875 0.0234375
0 0.49375 0.653125 0.0140625 0.021875
0 0.4671875 0.6578125 0.0203125 0.028125
0 0.41875 0.6546875 0.0265625 0.0375
0 0.4375 0.634375 0.0171875 0.0203125
0 0.48125 0.63125 0.015625 0.0203125
0 0.459375 0.6171875 0.0171875 0.0171875
0 0.384375 0.628125 0.021875 0.0296875
0 0.1265625 0.9078125 0.025 0.015625
0 0.21875 0.83125 0.0125 0.01875
0 0.11875 0.8625 0.0234375 0.015625
0 0.1171875 0.853125 0.028125 0.0140625
0 0.1171875 0.8453125 0.025 0.0125
0 0.115625 0.8375 0.0265625 0.0140625
