0 0.428125 0.721875 0.021875 0.0296875
0 0.4796875 0.7203125 0.01875 0.0265625
0 0.525 0.7171875 0.0171875 0.021875
0 0.50625 0.6796875 0.01875 0.021875
0 0.4765625 0.6875 0.0234375 0.03125
0 0.425 0.6828125 0.025 0.0390625
0 0.4453125 0.6609375 0.01875 0.021875
0 0.4890625 0.65625 0.0171875 0.0234375
0 0.4671875 0.6390625 0.0171875 0.0234375
0 0.3828125 0.65625 0.0234375 0.0328125
0 0.190625 0.8921875 0.0140625 0.01875
0 0.084375 0.9828125 0.0296875 0.0203125
0 0.078125 0.93125 0.028125 0.0140625
0 0.0765625 0.9203125 0.0296875 0.0125
0 0.0765625 0.909375 0.028125 0.0171875
0 0.071875 0.8984375 0.0296875 0.0140625
