0 0.41875 0.56875 0.009375 0.0109375
0 0.4484375 0.5671875 0.009375 0.009375
0 0.4734375 0.5671875 0.009375 0.009375
0 0.4640625 0.55 0.009375 0.0125
0 0.446875 0.5515625 0.0125 0.015625
0 0.428125 0.540625 0.009375 0.0125
0 0.415625 0.5515625 0.0140625 0.021875
0 0.45625 0.5375 0.009375 0.0109375
0 0.44375 0.528125 0.009375 0.0109375
0 0.3953125 0.5359375 0.0109375 0.021875
0 0.2984375 0.6421875 0.0078125 0.0125
0 0.2515625 0.675 0.0140625 0.0125
0 0.24375 0.6546875 0.0140625 0.0078125
0 0.2421875 0.646875 0.0140625 0.0078125
0 0.240625 0.640625 0.0125 0.009375
0 0.2796875 0.75 0.015625 0.009375
