0 0.4265625 0.7359375 0.0171875 0.0265625
0 0.4828125 0.734375 0.0203125 0.025
0 0.53125 0.7328125 0.021875 0.0234375
0 0.5109375 0.6921875 0.0203125 0.021875
0 0.48125 0.696875 0.0203125 0.0296875
0 0.425 0.69375 0.0234375 0.0390625
0 0.446875 0.6703125 0.0171875 0.0234375
0 0.49375 0.66875 0.0203125 0.025
0 0.4703125 0.6484375 0.0203125 0.0234375
0 0.384375 0.6640625 0.021875 0.0296875
0 0.18125 0.91875 0.0171875 0.0234375
0 0.0609375 0.9609375 0.03125 0.0171875
0 0.059375 0.9484375 0.0296875 0.015625
0 0.0578125 0.9375 0.0296875 0.0171875
0 0.0546875 0.925 0.0296875 0.0140625
