0 0.4171875 0.6015625 0.0125 0.0140625
0 0.45 0.596875 0.0140625 0.0140625
0 0.4796875 0.5984375 0.0109375 0.0109375
0 0.4703125 0.5765625 0.009375 0.0109375
0 0.45 0.5796875 0.0125 0.0171875
0 0.4140625 0.578125 0.0171875 0.025
0 0.428125 0.565625 0.009375 0.0125
0 0.459375 0.5640625 0.0109375 0.0140625
0 0.4453125 0.553125 0.0125 0.0125
0 0.3890625 0.5609375 0.015625 0.021875
0 0.2734375 0.6921875 0.0078125 0.0109375
0 0.215625 0.7359375 0.015625 0.0109375
0 0.2078125 0.7078125 0.015625 0.009375
0 0.20625 0.7 0.0140625 0.0078125
0 0.203125 0.69375 0.015625 0.009375
0 0.24375 0.8328125 0.0203125 0.015625
