0 0.425 0.709375 0.0203125 0.025
0 0.475 0.7046875 0.0171875 0.0203125
0 0.51875 0.70625 0.01875 0.0234375
0 0.5015625 0.6703125 0.015625 0.021875
0 0.471875 0.675 0.0203125 0.0296875
0 0.421875 0.6734375 0.0265625 0.0421875
0 0.4421875 0.653125 0.01875 0.021875
0 0.4859375 0.6484375 0.0171875 0.021875
0 0.465625 0.63125 0.01875 0.0234375
0 0.3828125 0.64375 0.0234375 0.0328125
0 0.1015625 0.959375 0.03125 0.021875
0 0.2015625 0.8703125 0.0140625 0.01875
0 0.09375 0.90625 0.03125 0.015625
0 0.090625 0.8921875 0.0296875 0.0140625
0 0.090625 0.884375 0.0296875 0.0140625
0 0.0890625 0.8765625 0.028125 0.0140625
