0 0.41875 0.61875 0.0125 0.0171875
0 0.4546875 0.61875 0.0109375 0.015625
0 0.4859375 0.615625 0.0109375 0.01875
0 0.4734375 0.59375 0.0109375 0.015625
0 0.4546875 0.5953125 0.0125 0.0203125
0 0.415625 0.5921875 0.0140625 0.0234375
0 0.43125 0.5796875 0.0125 0.0140625
0 0.4640625 0.578125 0.0125 0.015625
0 0.446875 0.565625 0.0109375 0.015625
0 0.3875 0.5734375 0.0140625 0.028125
0 0.2609375 0.7203125 0.009375 0.0140625
0 0.196875 0.7703125 0.0171875 0.0109375
0 0.1890625 0.740625 0.01875 0.009375
0 0.1875 0.734375 0.01875 0.009375
0 0.184375 0.7296875 0.0171875 0.0078125
0 0.184375 0.7203125 0.01875 0.0109375
0 0.228125 0.884375 0.01875 0.0140625
