0 0.43125 0.75 0.021875 0.0296875
0 0.4875 0.746875 0.021875 0.025
0 0.5359375 0.746875 0.0234375 0.025
0 0.515625 0.7015625 0.01875 0.021875
0 0.4828125 0.709375 0.025 0.034375
0 0.428125 0.70625 0.03125 0.04375
0 0.4484375 0.6796875 0.0171875 0.0234375
0 0.4984375 0.678125 0.0203125 0.025
0 0.4734375 0.6578125 0.021875 0.0265625
0 0.384375 0.6734375 0.025 0.0359375
0 0.171875 0.9421875 0.0171875 0.021875
0 0.046875 0.9859375 0.03125 0.01875
0 0.0453125 0.971875 0.0296875 0.0140625
0 0.04375 0.9609375 0.03125 0.0171875
0 0.040625 0.9484375 0.0296875 0.015625
