0 0.15 0.865625 0.021875 0.01875
0 0.1421875 0.8234375 0.025 0.0140625
0 0.140625 0.8171875 0.0234375 0.0109375
0 0.1375 0.809375 0.0203125 0.0078125
0 0.1359375 0.8015625 0.025 0.0109375
0 0.2296875 0.7984375 0.0109375 0.015625
0 0.421875 0.66875 0.01875 0.0203125
0 0.4640625 0.665625 0.0171875 0.0171875
0 0.503125 0.665625 0.0171875 0.01875
0 0.4875 0.6359375 0.0140625 0.0171875
0 0.4625 0.6390625 0.0203125 0.0234375
0 0.41875 0.6359375 0.021875 0.0328125
0 0.4359375 0.6203125 0.015625 0.01875
0 0.475 0.6171875 0.0140625 0.0171875
0 0.45625 0.603125 0.015625 0.0171875
0 0.384375 0.615625 0.01875 0.028125
