0 0.4234375 0.6953125 0.0171875 0.0234375
0 0.4703125 0.69375 0.0171875 0.021875
0 0.5125 0.6921875 0.01875 0.0234375
0 0.496875 0.6578125 0.015625 0.0203125
0 0.46875 0.6640625 0.0203125 0.025
0 0.4203125 0.6609375 0.0265625 0.0390625
0 0.4390625 0.640625 0.0171875 0.021875
0 0.4828125 0.6375 0.015625 0.0203125
0 0.4609375 0.621875 0.0171875 0.0203125
0 0.384375 0.634375 0.021875 0.0296875
0 0.1203125 0.9234375 0.025 0.01875
0 0.2125 0.84375 0.0140625 0.0171875
0 0.109375 0.878125 0.0265625 0.015625
0 0.1078125 0.8671875 0.0296875 0.0140625
0 0.1078125 0.8578125 0.0265625 0.0109375
0 0.10625 0.8515625 0.0265625 0.0140625
