0 0.1671875 0.83125 0.025 0.01875
0 0.1578125 0.79375 0.0203125 0.0109375
0 0.1578125 0.7859375 0.021875 0.0109375
0 0.1546875 0.78125 0.0203125 0.009375
0 0.153125 0.7734375 0.0203125 0.009375
0 0.2421875 0.7703125 0.015625 0.0203125
0 0.41875 0.6515625 0.0171875 0.01875
0 0.459375 0.6484375 0.0171875 0.0171875
0 0.496875 0.646875 0.0171875 0.0203125
0 0.4828125 0.6203125 0.0140625 0.0171875
0 0.459375 0.6234375 0.01875 0.0234375
0 0.4171875 0.621875 0.021875 0.03125
0 0.4328125 0.60625 0.0140625 0.0203125
0 0.4703125 0.603125 0.0140625 0.0171875
0 0.453125 0.590625 0.015625 0.015625
0 0.384375 0.6015625 0.0203125 0.0296875
0 0.1984375 0.971875 0.025 0.0171875
