0 0.4171875 0.6171875 0.0140625 0.0171875
0 0.453125 0.615625 0.0140625 0.0125
0 0.4859375 0.6125 0.0109375 0.015625
0 0.4734375 0.590625 0.0125 0.015625
0 0.453125 0.59375 0.0140625 0.021875
0 0.4171875 0.5890625 0.015625 0.03125
0 0.4296875 0.5796875 0.0140625 0.015625
0 0.4640625 0.5734375 0.0125 0.0140625
0 0.4484375 0.5640625 0.0125 0.015625
0 0.3890625 0.5734375 0.0125 0.028125
0 0.2625 0.715625 0.009375 0.0109375
0 0.2 0.7640625 0.01875 0.0109375
0 0.190625 0.7359375 0.01875 0.0109375
0 0.190625 0.73125 0.01875 0.009375
0 0.1875 0.7234375 0.0171875 0.0078125
0 0.1859375 0.7171875 0.01875 0.0078125
0 0.228125 0.878125 0.021875 0.0140625
