0 0.1765625 0.8125 0.021875 0.0171875
0 0.1671875 0.778125 0.0203125 0.0109375
0 0.1671875 0.771875 0.0203125 0.009375
0 0.165625 0.765625 0.01875 0.009375
0 0.1640625 0.7578125 0.01875 0.009375
0 0.2484375 0.7546875 0.0125 0.015625
0 0.41875 0.6421875 0.0171875 0.01875
0 0.4578125 0.6390625 0.0171875 0.01875
0 0.4921875 0.6375 0.0171875 0.0203125
0 0.4796875 0.6125 0.0140625 0.0171875
0 0.4578125 0.615625 0.01875 0.021875
0 0.415625 0.6140625 0.0203125 0.03125
0 0.4328125 0.6 0.0140625 0.01875
0 0.46875 0.5953125 0.0125 0.0171875
0 0.4515625 0.584375 0.0140625 0.01875
0 0.3859375 0.5953125 0.01875 0.028125
0 0.20625 0.9453125 0.0234375 0.015625
