0 0.1671875 0.8296875 0.0234375 0.01875
0 0.159375 0.7921875 0.021875 0.0125
0 0.159375 0.7859375 0.021875 0.009375
0 0.15625 0.7796875 0.0203125 0.009375
0 0.1546875 0.771875 0.0203125 0.009375
0 0.24375 0.76875 0.0125 0.015625
0 0.41875 0.6515625 0.0171875 0.01875
0 0.459375 0.6484375 0.0171875 0.0171875
0 0.496875 0.646875 0.0171875 0.0203125
0 0.4828125 0.6203125 0.0140625 0.0171875
0 0.459375 0.6234375 0.01875 0.021875
0 0.4171875 0.6203125 0.021875 0.0328125
0 0.4328125 0.6046875 0.0140625 0.0171875
0 0.4703125 0.6015625 0.0140625 0.0171875
0 0.453125 0.5890625 0.015625 0.0171875
0 0.384375 0.6015625 0.0203125 0.0296875
0 0.1984375 0.96875 0.0234375 0.0171875
