0 0.415625 0.596875 0.0109375 0.0140625
0 0.4484375 0.59375 0.0140625 0.0140625
0 0.478125 0.5953125 0.0109375 0.0125
0 0.46875 0.5734375 0.009375 0.0125
0 0.4484375 0.5765625 0.0125 0.01875
0 0.4140625 0.575 0.0171875 0.025
0 0.428125 0.5625 0.009375 0.0140625
0 0.4578125 0.5609375 0.0109375 0.0125
0 0.44375 0.55 0.0109375 0.0125
0 0.3890625 0.5578125 0.015625 0.01875
0 0.275 0.684375 0.0078125 0.0109375
0 0.2203125 0.7265625 0.015625 0.009375
0 0.2125 0.7 0.015625 0.009375
0 0.2109375 0.6921875 0.0140625 0.0078125
0 0.2078125 0.6859375 0.015625 0.009375
0 0.2484375 0.821875 0.0171875 0.0140625
