0 0.4171875 0.590625 0.009375 0.0109375
0 0.4484375 0.5890625 0.0109375 0.0125
0 0.478125 0.5890625 0.0109375 0.0125
0 0.4671875 0.56875 0.0109375 0.0109375
0 0.4484375 0.571875 0.0125 0.015625
0 0.428125 0.5578125 0.009375 0.0125
0 0.415625 0.56875 0.015625 0.0234375
0 0.4578125 0.55625 0.0109375 0.0140625
0 0.44375 0.546875 0.009375 0.0140625
0 0.3890625 0.553125 0.0140625 0.021875
0 0.28125 0.6765625 0.009375 0.009375
0 0.2265625 0.7171875 0.0171875 0.0109375
0 0.21875 0.6921875 0.015625 0.0078125
0 0.215625 0.6859375 0.0171875 0.00625
0 0.2125 0.6765625 0.0171875 0.009375
0 0.2546875 0.8078125 0.0171875 0.0140625
