0 0.1640625 0.8390625 0.021875 0.015625
0 0.1546875 0.8 0.021875 0.0125
0 0.153125 0.79375 0.0234375 0.009375
0 0.1515625 0.7875 0.021875 0.009375
0 0.15 0.7796875 0.021875 0.009375
0 0.2390625 0.7765625 0.0109375 0.015625
0 0.4203125 0.65625 0.01875 0.021875
0 0.4609375 0.653125 0.0171875 0.0203125
0 0.4984375 0.6515625 0.0171875 0.0171875
0 0.484375 0.625 0.015625 0.0171875
0 0.459375 0.628125 0.0203125 0.0234375
0 0.4171875 0.625 0.0203125 0.0328125
0 0.434375 0.609375 0.015625 0.0171875
0 0.471875 0.6046875 0.0125 0.0171875
0 0.4546875 0.59375 0.015625 0.0171875
0 0.384375 0.6046875 0.0203125 0.0296875
0 0.1953125 0.9828125 0.025 0.01875
