0 0.4171875 0.5921875 0.009375 0.0109375
0 0.4484375 0.590625 0.0109375 0.0109375
0 0.478125 0.590625 0.0109375 0.0109375
0 0.4671875 0.56875 0.0109375 0.0109375
0 0.4484375 0.571875 0.0125 0.0171875
0 0.428125 0.5578125 0.009375 0.0125
0 0.4140625 0.5703125 0.0171875 0.025
0 0.4578125 0.55625 0.0109375 0.0140625
0 0.44375 0.546875 0.009375 0.0140625
0 0.3890625 0.553125 0.015625 0.021875
0 0.2796875 0.678125 0.009375 0.009375
0 0.225 0.7203125 0.0171875 0.0125
0 0.2171875 0.69375 0.015625 0.0078125
0 0.2140625 0.6875 0.0171875 0.00625
0 0.2109375 0.678125 0.0171875 0.009375
0 0.253125 0.8125 0.0171875 0.0140625
