0 0.428125 0.7265625 0.0171875 0.0234375
0 0.4796875 0.725 0.015625 0.021875
0 0.5265625 0.7234375 0.01875 0.0234375
0 0.5078125 0.684375 0.0203125 0.0234375
0 0.478125 0.6890625 0.021875 0.0296875
0 0.425 0.6875 0.028125 0.0375
0 0.446875 0.6640625 0.01875 0.0234375
0 0.490625 0.6609375 0.0171875 0.0234375
0 0.46875 0.64375 0.01875 0.0234375
0 0.3828125 0.65625 0.0234375 0.0328125
0 0.1890625 0.9015625 0.015625 0.01875
0 0.0703125 0.9453125 0.0296875 0.015625
0 0.0703125 0.93125 0.028125 0.0140625
0 0.06875 0.921875 0.028125 0.0171875
0 0.065625 0.909375 0.028125 0.0140625
