0 0.26875 0.6109375 0.0125 0.0109375
0 0.2671875 0.603125 0.0125 0.0109375
0 0.275 0.6296875 0.0125 0.0078125
0 0.3125 0.603125 0.0078125 0.0109375
0 0.415625 0.5453125 0.009375 0.009375
0 0.4390625 0.5453125 0.0078125 0.009375
0 0.4609375 0.54375 0.009375 0.0109375
0 0.453125 0.528125 0.0078125 0.0078125
0 0.4390625 0.5296875 0.0078125 0.0109375
0 0.4234375 0.5203125 0.0078125 0.009375
0 0.4140625 0.5296875 0.0125 0.01875
0 0.446875 0.5203125 0.0078125 0.009375
0 0.4359375 0.5109375 0.0078125 0.0125
0 0.3953125 0.515625 0.0125 0.0171875
0 0.3 0.6875 0.0109375 0.009375
