0 0.4171875 0.6171875 0.0125 0.0171875
0 0.453125 0.6171875 0.0140625 0.015625
0 0.4859375 0.6140625 0.0109375 0.0203125
0 0.4734375 0.590625 0.0140625 0.015625
0 0.453125 0.5921875 0.0109375 0.0203125
0 0.4171875 0.5921875 0.015625 0.0265625
0 0.4296875 0.578125 0.0109375 0.0171875
0 0.4625 0.5765625 0.0140625 0.01875
0 0.4484375 0.5640625 0.0125 0.015625
0 0.3890625 0.56875 0.0109375 0.021875
0 0.2609375 0.71875 0.0109375 0.0140625
0 0.1984375 0.76875 0.0171875 0.0125
0 0.190625 0.7390625 0.01875 0.009375
0 0.1890625 0.7328125 0.01875 0.009375
0 0.1859375 0.7265625 0.0171875 0.0078125
0 0.1859375 0.71875 0.01875 0.009375
0 0.228125 0.88125 0.01875 0.0125
