0 0.1375 0.8859375 0.0234375 0.0171875
0 0.13125 0.8421875 0.025 0.0125
0 0.1296875 0.834375 0.025 0.0109375
0 0.128125 0.8265625 0.021875 0.0078125
0 0.125 0.81875 0.025 0.0109375
0 0.2234375 0.8140625 0.0140625 0.0171875
0 0.421875 0.678125 0.0203125 0.0203125
0 0.465625 0.675 0.0171875 0.0171875
0 0.50625 0.675 0.0171875 0.01875
0 0.490625 0.6453125 0.015625 0.0203125
0 0.4640625 0.6484375 0.0203125 0.0234375
0 0.41875 0.6453125 0.021875 0.0359375
0 0.4359375 0.628125 0.0171875 0.01875
0 0.4765625 0.625 0.0140625 0.0171875
0 0.4578125 0.6109375 0.015625 0.01875
0 0.3828125 0.621875 0.0203125 0.03125
