0 0.415625 0.55625 0.0078125 0.0109375
0 0.44375 0.5546875 0.009375 0.009375
0 0.465625 0.5546875 0.0078125 0.009375
0 0.4578125 0.5375 0.0078125 0.0109375
0 0.4421875 0.5390625 0.0109375 0.0140625
0 0.425 0.5296875 0.0078125 0.009375
0 0.4140625 0.5390625 0.0140625 0.021875
0 0.4515625 0.5265625 0.009375 0.0140625
0 0.440625 0.51875 0.009375 0.0125
0 0.3953125 0.525 0.0125 0.01875
0 0.30625 0.621875 0.0078125 0.0109375
0 0.2640625 0.653125 0.0140625 0.009375
0 0.25625 0.63125 0.0140625 0.009375
0 0.2515625 0.621875 0.0140625 0.009375
0 0.2890625 0.71875 0.0140625 0.0078125
