0 0.175 0.815625 0.0203125 0.0140625
0 0.165625 0.7828125 0.021875 0.0125
0 0.165625 0.775 0.0203125 0.0109375
0 0.1625 0.7703125 0.0203125 0.009375
0 0.1609375 0.7625 0.0203125 0.009375
0 0.2453125 0.7578125 0.0140625 0.015625
0 0.41875 0.6453125 0.0171875 0.021875
0 0.4578125 0.6421875 0.0171875 0.01875
0 0.49375 0.640625 0.0171875 0.0171875
0 0.48125 0.615625 0.015625 0.01875
0 0.4578125 0.6171875 0.01875 0.021875
0 0.415625 0.6171875 0.0203125 0.03125
0 0.4328125 0.6015625 0.0140625 0.0171875
0 0.46875 0.596875 0.0125 0.0171875
0 0.4515625 0.5859375 0.0140625 0.0171875
0 0.3859375 0.596875 0.01875 0.028125
0 0.203125 0.9515625 0.0234375 0.01875
