0 0.4171875 0.6109375 0.0125 0.015625
0 0.453125 0.60625 0.0125 0.0109375
0 0.4828125 0.6046875 0.0109375 0.0140625
0 0.471875 0.584375 0.009375 0.009375
0 0.4515625 0.5875 0.0125 0.01875
0 0.4140625 0.584375 0.0171875 0.025
0 0.4296875 0.571875 0.009375 0.0125
0 0.4609375 0.5703125 0.0109375 0.0140625
0 0.446875 0.5578125 0.0125 0.0140625
0 0.3875 0.5671875 0.015625 0.0234375
0 0.2671875 0.7046875 0.0078125 0.0125
0 0.20625 0.7515625 0.0171875 0.0109375
0 0.1984375 0.7234375 0.0140625 0.0078125
0 0.196875 0.7140625 0.0171875 0.0078125
0 0.1953125 0.7078125 0.015625 0.009375
0 0.2359375 0.859375 0.021875 0.0171875
