0 0.41875 0.6296875 0.015625 0.0203125
0 0.45625 0.6265625 0.0140625 0.0171875
0 0.4890625 0.6265625 0.0140625 0.01875
0 0.4765625 0.6015625 0.0140625 0.0171875
0 0.45625 0.6046875 0.01875 0.0234375
0 0.4171875 0.6015625 0.021875 0.0328125
0 0.43125 0.5890625 0.0140625 0.015625
0 0.465625 0.5859375 0.0140625 0.0171875
0 0.45 0.5734375 0.015625 0.0171875
0 0.3859375 0.5828125 0.0171875 0.0265625
0 0.2546875 0.734375 0.0109375 0.0140625
0 0.1890625 0.7859375 0.01875 0.0109375
0 0.1796875 0.75625 0.01875 0.009375
0 0.1796875 0.75 0.01875 0.009375
0 0.1765625 0.7421875 0.0171875 0.0078125
0 0.175 0.734375 0.01875 0.009375
0 0.21875 0.90625 0.0234375 0.0171875
