0 0.1359375 0.8921875 0.028125 0.01875
0 0.128125 0.846875 0.025 0.0140625
0 0.1265625 0.8390625 0.0265625 0.0125
0 0.1265625 0.8328125 0.021875 0.0078125
0 0.121875 0.825 0.0265625 0.0109375
0 0.221875 0.81875 0.0109375 0.0203125
0 0.421875 0.68125 0.0203125 0.0203125
0 0.4671875 0.678125 0.0171875 0.0203125
0 0.50625 0.678125 0.0171875 0.01875
0 0.4921875 0.646875 0.015625 0.0203125
0 0.4640625 0.6515625 0.0203125 0.0234375
0 0.41875 0.646875 0.021875 0.0359375
0 0.4359375 0.6296875 0.0171875 0.0203125
0 0.478125 0.6265625 0.0140625 0.0171875
0 0.4578125 0.6125 0.0171875 0.01875
0 0.3828125 0.625 0.0203125 0.03125
