0 0.41875 0.6265625 0.015625 0.01875
0 0.45625 0.625 0.0140625 0.015625
0 0.4890625 0.621875 0.015625 0.0203125
0 0.4765625 0.596875 0.0125 0.0171875
0 0.4546875 0.6015625 0.0171875 0.021875
0 0.4171875 0.5984375 0.021875 0.03125
0 0.43125 0.5859375 0.0140625 0.0171875
0 0.465625 0.5828125 0.0140625 0.0203125
0 0.45 0.5703125 0.015625 0.0171875
0 0.3859375 0.5796875 0.0171875 0.0296875
0 0.2578125 0.7296875 0.009375 0.0125
0 0.1921875 0.7796875 0.01875 0.0109375
0 0.1828125 0.75 0.01875 0.009375
0 0.1828125 0.74375 0.01875 0.0109375
0 0.1796875 0.7375 0.0171875 0.0078125
0 0.178125 0.7296875 0.01875 0.0078125
0 0.221875 0.8984375 0.0234375 0.0171875
