0 0.1328125 0.8984375 0.0265625 0.0171875
0 0.125 0.853125 0.025 0.0140625
0 0.1234375 0.8453125 0.0265625 0.0125
0 0.1234375 0.8359375 0.021875 0.0078125
0 0.11875 0.8296875 0.0265625 0.0125
0 0.221875 0.8234375 0.0125 0.0171875
0 0.421875 0.684375 0.0203125 0.021875
0 0.4671875 0.68125 0.0171875 0.01875
0 0.5078125 0.6796875 0.0171875 0.0171875
0 0.4921875 0.65 0.015625 0.01875
0 0.465625 0.653125 0.0203125 0.0234375
0 0.4203125 0.65 0.021875 0.034375
0 0.4359375 0.63125 0.0171875 0.0203125
0 0.478125 0.628125 0.0140625 0.0171875
0 0.4578125 0.6140625 0.0171875 0.0203125
0 0.3828125 0.6265625 0.0203125 0.03125
