0 0.41875 0.578125 0.0109375 0.0140625
0 0.45 0.5765625 0.009375 0.009375
0 0.4765625 0.5765625 0.0109375 0.009375
0 0.4671875 0.5578125 0.009375 0.0125
0 0.4484375 0.559375 0.0125 0.015625
0 0.4296875 0.546875 0.009375 0.009375
0 0.4171875 0.559375 0.0140625 0.021875
0 0.4578125 0.5453125 0.009375 0.0109375
0 0.44375 0.534375 0.0078125 0.0125
0 0.3921875 0.54375 0.0140625 0.021875
0 0.2921875 0.6578125 0.0078125 0.0125
0 0.2421875 0.6921875 0.015625 0.009375
0 0.234375 0.6703125 0.015625 0.0078125
0 0.2328125 0.6625 0.0140625 0.0078125
0 0.2296875 0.65625 0.0140625 0.009375
0 0.2703125 0.775 0.015625 0.0125
