0 0.425 0.7125 0.0203125 0.0265625
0 0.475 0.7078125 0.0171875 0.0203125
0 0.51875 0.709375 0.01875 0.0234375
0 0.5015625 0.671875 0.0171875 0.021875
0 0.471875 0.678125 0.0203125 0.0265625
0 0.421875 0.6765625 0.0265625 0.0390625
0 0.4421875 0.6546875 0.01875 0.021875
0 0.4875 0.65 0.01875 0.0203125
0 0.465625 0.6328125 0.01875 0.0234375
0 0.3828125 0.646875 0.0234375 0.034375
0 0.0984375 0.965625 0.03125 0.0203125
0 0.0890625 0.9109375 0.0265625 0.015625
0 0.0890625 0.9 0.028125 0.0125
0 0.0875 0.8921875 0.0296875 0.0125
0 0.0859375 0.8828125 0.028125 0.0140625
0 0.1984375 0.875 0.0140625 0.0171875
