0 0.1546875 0.85625 0.025 0.015625
0 0.1453125 0.81875 0.025 0.0125
0 0.1453125 0.809375 0.0234375 0.0109375
0 0.1421875 0.803125 0.0203125 0.0078125
0 0.140625 0.79375 0.025 0.0109375
0 0.234375 0.790625 0.0109375 0.015625
0 0.4203125 0.665625 0.0171875 0.01875
0 0.4625 0.6625 0.0171875 0.01875
0 0.5015625 0.6609375 0.0171875 0.0203125
0 0.4859375 0.6328125 0.0140625 0.0171875
0 0.4609375 0.6359375 0.0203125 0.0234375
0 0.41875 0.6328125 0.021875 0.0328125
0 0.434375 0.6171875 0.0140625 0.0171875
0 0.4734375 0.6125 0.0140625 0.0171875
0 0.4546875 0.6 0.0171875 0.0203125
0 0.384375 0.6109375 0.01875 0.0296875
