0 0.1453125 0.8703125 0.0234375 0.0171875
0 0.1375 0.8296875 0.025 0.0140625
0 0.1375 0.8234375 0.025 0.0125
0 0.134375 0.815625 0.0203125 0.0078125
0 0.1328125 0.8078125 0.025 0.0125
0 0.228125 0.803125 0.0125 0.01875
0 0.421875 0.671875 0.01875 0.021875
0 0.4640625 0.66875 0.0171875 0.0203125
0 0.503125 0.6671875 0.0171875 0.0171875
0 0.4890625 0.6390625 0.015625 0.0203125
0 0.4625 0.64375 0.0203125 0.0234375
0 0.41875 0.6390625 0.021875 0.0359375
0 0.4359375 0.621875 0.015625 0.0203125
0 0.475 0.61875 0.0140625 0.0171875
0 0.45625 0.6046875 0.0171875 0.0171875
0 0.3828125 0.6171875 0.0203125 0.0296875
