0 0.41875 0.6359375 0.0171875 0.01875
0 0.4578125 0.6328125 0.0140625 0.0171875
0 0.4921875 0.63125 0.015625 0.0203125
0 0.478125 0.60625 0.0140625 0.0203125
0 0.4578125 0.609375 0.01875 0.0234375
0 0.4171875 0.60625 0.021875 0.03125
0 0.4328125 0.59375 0.0140625 0.0171875
0 0.4671875 0.590625 0.0140625 0.0203125
0 0.4515625 0.578125 0.015625 0.0171875
0 0.3859375 0.5875 0.01875 0.0296875
0 0.2515625 0.7421875 0.0109375 0.0140625
0 0.1828125 0.7953125 0.0171875 0.0109375
0 0.175 0.7640625 0.01875 0.009375
0 0.1734375 0.7578125 0.0203125 0.009375
0 0.171875 0.75 0.01875 0.0078125
0 0.1703125 0.7421875 0.01875 0.009375
0 0.2140625 0.925 0.0234375 0.0171875
