0 0.265625 0.7078125 0.009375 0.0109375
0 0.20625 0.7546875 0.01875 0.0109375
0 0.196875 0.7265625 0.01875 0.009375
0 0.1953125 0.7203125 0.0171875 0.0109375
0 0.19375 0.715625 0.015625 0.0078125
0 0.1921875 0.7078125 0.01875 0.0078125
0 0.4171875 0.6125 0.0140625 0.015625
0 0.453125 0.6078125 0.0140625 0.0109375
0 0.4828125 0.609375 0.0109375 0.015625
0 0.4734375 0.5859375 0.009375 0.009375
0 0.4515625 0.5890625 0.0140625 0.01875
0 0.4140625 0.5859375 0.0171875 0.025
0 0.4296875 0.5734375 0.009375 0.0125
0 0.4625 0.571875 0.0109375 0.0140625
0 0.446875 0.5609375 0.0125 0.0125
0 0.3875 0.56875 0.015625 0.0234375
0 0.234375 0.8640625 0.021875 0.015625
