0 0.153125 0.8609375 0.021875 0.0140625
0 0.14375 0.821875 0.025 0.0140625
0 0.1421875 0.815625 0.0234375 0.0125
0 0.1390625 0.8078125 0.0203125 0.0078125
0 0.1375 0.7984375 0.025 0.0125
0 0.2328125 0.796875 0.009375 0.015625
0 0.421875 0.66875 0.01875 0.021875
0 0.4640625 0.665625 0.0171875 0.01875
0 0.5015625 0.6640625 0.0171875 0.0171875
0 0.4875 0.6359375 0.015625 0.01875
0 0.4625 0.6375 0.01875 0.0234375
0 0.41875 0.634375 0.021875 0.0328125
0 0.4359375 0.61875 0.015625 0.0171875
0 0.475 0.615625 0.0125 0.01875
0 0.45625 0.603125 0.015625 0.01875
0 0.384375 0.6125 0.01875 0.0296875
