0 0.4265625 0.725 0.01875 0.0265625
0 0.4796875 0.7234375 0.0203125 0.0234375
0 0.5265625 0.721875 0.01875 0.0234375
0 0.5078125 0.6828125 0.01875 0.0234375
0 0.4765625 0.6875 0.021875 0.0296875
0 0.4234375 0.6859375 0.025 0.0375
0 0.4453125 0.6625 0.0171875 0.0234375
0 0.490625 0.6609375 0.01875 0.021875
0 0.46875 0.640625 0.015625 0.021875
0 0.3828125 0.65625 0.0203125 0.03125
0 0.1890625 0.896875 0.015625 0.0203125
0 0.0734375 0.9390625 0.028125 0.015625
0 0.0734375 0.9265625 0.028125 0.015625
0 0.071875 0.9171875 0.028125 0.015625
0 0.06875 0.90625 0.028125 0.0140625
