0 0.41875 0.578125 0.0109375 0.0140625
0 0.45 0.5765625 0.009375 0.009375
0 0.475 0.5765625 0.0109375 0.009375
0 0.465625 0.5578125 0.009375 0.0125
0 0.4484375 0.559375 0.0125 0.015625
0 0.4296875 0.546875 0.009375 0.009375
0 0.4171875 0.559375 0.0140625 0.021875
0 0.4578125 0.5453125 0.009375 0.0109375
0 0.44375 0.534375 0.0078125 0.0125
0 0.3921875 0.54375 0.0140625 0.021875
0 0.2921875 0.6546875 0.0078125 0.0109375
0 0.24375 0.6890625 0.015625 0.0109375
0 0.2359375 0.66875 0.015625 0.0078125
0 0.234375 0.6609375 0.0140625 0.0078125
0 0.23125 0.6546875 0.0140625 0.009375
0 0.2703125 0.771875 0.0171875 0.0109375
