0 0.4296875 0.7390625 0.01875 0.0234375
0 0.484375 0.7390625 0.0203125 0.025
0 0.5328125 0.7359375 0.021875 0.0265625
0 0.5125 0.69375 0.01875 0.0234375
0 0.48125 0.7015625 0.0203125 0.034375
0 0.4265625 0.696875 0.0265625 0.0421875
0 0.4484375 0.675 0.01875 0.0234375
0 0.4953125 0.6703125 0.0203125 0.0234375
0 0.471875 0.653125 0.021875 0.025
0 0.384375 0.665625 0.0234375 0.034375
0 0.178125 0.9265625 0.0171875 0.0234375
0 0.05625 0.9671875 0.03125 0.0203125
0 0.05625 0.95625 0.03125 0.015625
0 0.0546875 0.9453125 0.03125 0.015625
0 0.05 0.9328125 0.0296875 0.015625
