0 0.2671875 0.70625 0.009375 0.0125
0 0.2078125 0.753125 0.01875 0.0125
0 0.1984375 0.725 0.01875 0.009375
0 0.196875 0.71875 0.0171875 0.009375
0 0.1953125 0.7140625 0.015625 0.0078125
0 0.19375 0.70625 0.01875 0.0078125
0 0.4171875 0.6109375 0.0140625 0.0171875
0 0.453125 0.6078125 0.0125 0.0109375
0 0.4828125 0.6078125 0.0125 0.0125
0 0.471875 0.584375 0.009375 0.0109375
0 0.4515625 0.5875 0.0125 0.0171875
0 0.4140625 0.584375 0.0171875 0.0265625
0 0.4296875 0.5734375 0.009375 0.0125
0 0.4609375 0.571875 0.0109375 0.0140625
0 0.446875 0.5609375 0.0125 0.0125
0 0.3875 0.56875 0.015625 0.021875
0 0.2359375 0.8609375 0.0203125 0.0171875
