0 0.265625 0.709375 0.009375 0.0109375
0 0.2046875 0.75625 0.01875 0.0109375
0 0.1953125 0.728125 0.01875 0.0109375
0 0.19375 0.7234375 0.0171875 0.009375
0 0.1921875 0.7171875 0.015625 0.0078125
0 0.190625 0.709375 0.01875 0.0078125
0 0.4171875 0.6125 0.0140625 0.0171875
0 0.4546875 0.6109375 0.0125 0.0125
0 0.484375 0.609375 0.0125 0.015625
0 0.4734375 0.5859375 0.009375 0.009375
0 0.4515625 0.5890625 0.0140625 0.01875
0 0.4140625 0.5859375 0.0171875 0.025
0 0.4296875 0.5734375 0.009375 0.0125
0 0.4625 0.571875 0.0109375 0.0140625
0 0.446875 0.5609375 0.0125 0.0125
0 0.3875 0.56875 0.015625 0.0234375
0 0.2328125 0.86875 0.021875 0.015625
