0 0.4265625 0.7171875 0.021875 0.0265625
0 0.478125 0.715625 0.01875 0.0234375
0 0.521875 0.7140625 0.01875 0.0234375
0 0.5046875 0.6765625 0.01875 0.021875
0 0.475 0.6828125 0.0234375 0.03125
0 0.425 0.6796875 0.028125 0.040625
0 0.4453125 0.65625 0.01875 0.0234375
0 0.4875 0.6546875 0.0171875 0.021875
0 0.465625 0.6375 0.01875 0.0234375
0 0.384375 0.6515625 0.025 0.0390625
0 0.1953125 0.884375 0.015625 0.01875
0 0.090625 0.975 0.03125 0.021875
0 0.0828125 0.921875 0.0296875 0.0140625
0 0.0828125 0.909375 0.028125 0.0140625
0 0.08125 0.9015625 0.0265625 0.015625
0 0.078125 0.890625 0.028125 0.0140625
