0 0.41875 0.628125 0.015625 0.0171875
0 0.45625 0.6265625 0.0140625 0.015625
0 0.4890625 0.625 0.0140625 0.0171875
0 0.4765625 0.6 0.0140625 0.0203125
0 0.45625 0.6046875 0.01875 0.0234375
0 0.4171875 0.6015625 0.021875 0.0328125
0 0.43125 0.5875 0.0140625 0.0171875
0 0.465625 0.584375 0.0140625 0.0203125
0 0.45 0.571875 0.015625 0.0171875
0 0.3859375 0.58125 0.0171875 0.0296875
0 0.25625 0.734375 0.009375 0.0140625
0 0.1890625 0.7859375 0.0171875 0.0109375
0 0.18125 0.7546875 0.01875 0.009375
0 0.1796875 0.7484375 0.0203125 0.009375
0 0.178125 0.7421875 0.01875 0.0078125
0 0.1765625 0.7328125 0.01875 0.009375
0 0.2203125 0.9046875 0.021875 0.01875
