0 0.1453125 0.878125 0.021875 0.015625
0 0.134375 0.8359375 0.025 0.0140625
0 0.134375 0.8265625 0.025 0.0109375
0 0.1328125 0.8203125 0.021875 0.0078125
0 0.1296875 0.8109375 0.025 0.0109375
0 0.228125 0.8078125 0.0109375 0.015625
0 0.421875 0.675 0.01875 0.01875
0 0.465625 0.671875 0.0171875 0.0171875
0 0.5046875 0.6703125 0.0171875 0.0203125
0 0.4890625 0.6421875 0.0140625 0.01875
0 0.4625 0.6453125 0.0203125 0.0234375
0 0.41875 0.6421875 0.021875 0.034375
0 0.4359375 0.6234375 0.015625 0.0203125
0 0.4765625 0.6203125 0.0140625 0.0171875
0 0.45625 0.6078125 0.0171875 0.01875
0 0.3828125 0.61875 0.0203125 0.0296875
