0 0.425 0.7078125 0.0203125 0.025
0 0.4734375 0.703125 0.0171875 0.021875
0 0.5171875 0.703125 0.01875 0.0234375
0 0.5 0.66875 0.0171875 0.021875
0 0.471875 0.6734375 0.0203125 0.028125
0 0.4203125 0.6703125 0.0265625 0.0390625
0 0.4421875 0.65 0.01875 0.0203125
0 0.4859375 0.646875 0.01875 0.021875
0 0.4640625 0.6296875 0.01875 0.0234375
0 0.3828125 0.6421875 0.0234375 0.0328125
0 0.1046875 0.95 0.03125 0.021875
0 0.2046875 0.8625 0.015625 0.0171875
0 0.096875 0.9 0.0296875 0.015625
0 0.09375 0.8890625 0.0296875 0.0125
0 0.0953125 0.8796875 0.028125 0.0109375
0 0.0921875 0.8734375 0.0265625 0.0125
