0 0.43125 0.7515625 0.021875 0.0296875
0 0.4890625 0.746875 0.021875 0.025
0 0.5359375 0.746875 0.0234375 0.025
0 0.5171875 0.7015625 0.01875 0.0234375
0 0.484375 0.7078125 0.025 0.03125
0 0.428125 0.70625 0.03125 0.0453125
0 0.4484375 0.6796875 0.0171875 0.0234375
0 0.5 0.678125 0.021875 0.025
0 0.4734375 0.6578125 0.021875 0.0265625
0 0.384375 0.6734375 0.025 0.0359375
0 0.1703125 0.9421875 0.0171875 0.0234375
0 0.0453125 0.9875 0.03125 0.01875
0 0.04375 0.9765625 0.0296875 0.015625
0 0.0421875 0.9625 0.03125 0.0171875
0 0.0390625 0.95 0.0296875 0.015625
