0 0.4328125 0.765625 0.0203125 0.025
0 0.490625 0.759375 0.015625 0.0203125
0 0.5421875 0.7578125 0.0171875 0.025
0 0.521875 0.7140625 0.0171875 0.0234375
0 0.4875 0.7203125 0.0234375 0.0328125
0 0.4296875 0.71875 0.0265625 0.040625
0 0.4515625 0.69375 0.0125 0.021875
0 0.5046875 0.6859375 0.01875 0.0234375
0 0.4796875 0.6671875 0.0171875 0.0234375
0 0.384375 0.684375 0.0203125 0.0390625
0 0.159375 0.9734375 0.01875 0.025
0 0.0234375 0.9921875 0.0375 0.015625
0 0.021875 0.978125 0.03125 0.0171875
