0 0.41875 0.6234375 0.015625 0.01875
0 0.4546875 0.6203125 0.0140625 0.015625
0 0.4875 0.61875 0.0140625 0.0171875
0 0.475 0.5953125 0.0140625 0.0171875
0 0.4546875 0.5984375 0.0171875 0.0234375
0 0.415625 0.5953125 0.0203125 0.0328125
0 0.43125 0.5828125 0.0140625 0.015625
0 0.4640625 0.5796875 0.0140625 0.0171875
0 0.4484375 0.56875 0.0140625 0.01875
0 0.3859375 0.5765625 0.0171875 0.0265625
0 0.259375 0.725 0.009375 0.0109375
0 0.19375 0.7765625 0.0171875 0.0125
0 0.1859375 0.746875 0.01875 0.009375
0 0.184375 0.740625 0.01875 0.009375
0 0.18125 0.7328125 0.0171875 0.0078125
0 0.18125 0.725 0.01875 0.0078125
0 0.2234375 0.89375 0.021875 0.015625
