0 0.425 0.709375 0.0203125 0.025
0 0.4734375 0.7046875 0.0171875 0.0203125
0 0.5171875 0.70625 0.01875 0.0234375
0 0.5 0.66875 0.0171875 0.0203125
0 0.471875 0.675 0.0203125 0.028125
0 0.421875 0.671875 0.0265625 0.0390625
0 0.4421875 0.653125 0.01875 0.021875
0 0.4859375 0.6484375 0.01875 0.021875
0 0.4640625 0.63125 0.01875 0.0234375
0 0.3828125 0.64375 0.0234375 0.0328125
0 0.103125 0.9546875 0.03125 0.0203125
0 0.203125 0.86875 0.015625 0.01875
0 0.09375 0.903125 0.0296875 0.015625
0 0.0921875 0.890625 0.0296875 0.0140625
0 0.0921875 0.8828125 0.0296875 0.0140625
0 0.090625 0.875 0.028125 0.0140625
