0 0.2703125 0.640625 0.0125 0.009375
0 0.2625 0.6234375 0.0140625 0.009375
0 0.259375 0.6140625 0.0125 0.0078125
0 0.3109375 0.6125 0.00625 0.0078125
0 0.415625 0.5515625 0.0078125 0.009375
0 0.4421875 0.55 0.00625 0.0078125
0 0.4640625 0.55 0.009375 0.0078125
0 0.45625 0.5359375 0.0078125 0.009375
0 0.4421875 0.5359375 0.009375 0.0109375
0 0.415625 0.5328125 0.0125 0.0171875
0 0.425 0.525 0.009375 0.0109375
0 0.45 0.5234375 0.009375 0.009375
0 0.4375 0.5171875 0.0078125 0.0125
0 0.3953125 0.521875 0.0125 0.01875
0 0.2953125 0.703125 0.0125 0.009375
