0 0.165625 0.834375 0.025 0.01875
0 0.15625 0.7953125 0.0203125 0.0109375
0 0.15625 0.7890625 0.021875 0.009375
0 0.153125 0.7828125 0.0203125 0.0109375
0 0.1515625 0.775 0.0203125 0.0109375
0 0.240625 0.7734375 0.0109375 0.0171875
0 0.41875 0.653125 0.0171875 0.0203125
0 0.4609375 0.65 0.0171875 0.0171875
0 0.496875 0.65 0.0171875 0.01875
0 0.4828125 0.6234375 0.0140625 0.01875
0 0.459375 0.625 0.0203125 0.0234375
0 0.4171875 0.6234375 0.021875 0.034375
0 0.4328125 0.6078125 0.0140625 0.01875
0 0.471875 0.603125 0.0125 0.0171875
0 0.453125 0.5921875 0.015625 0.01875
0 0.384375 0.603125 0.0203125 0.0296875
0 0.196875 0.975 0.025 0.01875
