0 0.41875 0.5875 0.009375 0.0125
0 0.45 0.584375 0.009375 0.009375
0 0.4765625 0.584375 0.0109375 0.009375
0 0.4671875 0.5640625 0.009375 0.0125
0 0.4484375 0.565625 0.0125 0.0171875
0 0.4296875 0.553125 0.009375 0.0109375
0 0.4171875 0.565625 0.015625 0.0234375
0 0.4578125 0.5515625 0.009375 0.0109375
0 0.4453125 0.5421875 0.009375 0.0125
0 0.390625 0.5484375 0.0140625 0.01875
0 0.2859375 0.66875 0.009375 0.0109375
0 0.2328125 0.7078125 0.015625 0.0109375
0 0.2234375 0.684375 0.0140625 0.009375
0 0.221875 0.6765625 0.0140625 0.00625
0 0.2203125 0.66875 0.015625 0.0078125
0 0.259375 0.7953125 0.0171875 0.0125
