0 0.4265625 0.715625 0.021875 0.0265625
0 0.4765625 0.7140625 0.01875 0.0234375
0 0.5203125 0.7109375 0.01875 0.0234375
0 0.503125 0.6734375 0.01875 0.0203125
0 0.475 0.68125 0.021875 0.03125
0 0.425 0.678125 0.028125 0.0390625
0 0.4453125 0.6546875 0.01875 0.0234375
0 0.4859375 0.653125 0.0171875 0.021875
0 0.465625 0.6359375 0.01875 0.0234375
0 0.384375 0.6484375 0.025 0.0390625
0 0.196875 0.8796875 0.015625 0.0234375
0 0.09375 0.96875 0.03125 0.0234375
0 0.0859375 0.9171875 0.028125 0.015625
0 0.0859375 0.90625 0.028125 0.015625
0 0.084375 0.8953125 0.0265625 0.015625
0 0.08125 0.884375 0.028125 0.0140625
