0 0.41875 0.5671875 0.009375 0.0109375
0 0.446875 0.5640625 0.009375 0.0109375
0 0.471875 0.5640625 0.009375 0.0109375
0 0.4625 0.5484375 0.009375 0.0125
0 0.4453125 0.55 0.0109375 0.015625
0 0.428125 0.5375 0.009375 0.0109375
0 0.415625 0.5484375 0.0140625 0.0203125
0 0.4546875 0.5359375 0.009375 0.0109375
0 0.4421875 0.5265625 0.0109375 0.0125
0 0.3953125 0.534375 0.0125 0.01875
0 0.3 0.6375 0.0078125 0.009375
0 0.2546875 0.66875 0.0140625 0.0109375
0 0.246875 0.6484375 0.0140625 0.0078125
0 0.2453125 0.640625 0.0140625 0.0078125
0 0.24375 0.634375 0.0125 0.0109375
0 0.28125 0.74375 0.0140625 0.0125
