0 0.4328125 0.759375 0.021875 0.0296875
0 0.490625 0.7546875 0.021875 0.025
0 0.5390625 0.7515625 0.0171875 0.0203125
0 0.51875 0.7078125 0.0203125 0.0234375
0 0.4875 0.7140625 0.021875 0.03125
0 0.4296875 0.7125 0.028125 0.04375
0 0.45 0.6859375 0.0171875 0.0234375
0 0.5015625 0.684375 0.0234375 0.025
0 0.475 0.6625 0.0234375 0.025
0 0.3859375 0.6796875 0.021875 0.0375
0 0.165625 0.959375 0.0140625 0.0234375
0 0.0359375 0.990625 0.03125 0.01875
0 0.034375 0.978125 0.0328125 0.015625
0 0.03125 0.965625 0.0296875 0.015625
