0 0.4171875 0.60625 0.0125 0.015625
0 0.4515625 0.603125 0.0140625 0.0125
0 0.48125 0.603125 0.0109375 0.015625
0 0.471875 0.5796875 0.009375 0.0109375
0 0.45 0.5828125 0.0140625 0.0203125
0 0.4140625 0.58125 0.0171875 0.028125
0 0.4296875 0.56875 0.009375 0.0125
0 0.4609375 0.565625 0.0109375 0.0140625
0 0.4453125 0.55625 0.0109375 0.0125
0 0.3875 0.5640625 0.015625 0.0203125
0 0.2703125 0.6984375 0.0078125 0.0125
0 0.2109375 0.74375 0.015625 0.0109375
0 0.203125 0.715625 0.015625 0.009375
0 0.2015625 0.7078125 0.0140625 0.0078125
0 0.1984375 0.7015625 0.015625 0.009375
0 0.2390625 0.846875 0.0203125 0.015625
