0 0.1703125 0.8234375 0.0234375 0.015625
0 0.1625 0.7859375 0.021875 0.0109375
0 0.1625 0.7796875 0.021875 0.009375
0 0.159375 0.7734375 0.0203125 0.0078125
0 0.1578125 0.7671875 0.0203125 0.0109375
0 0.24375 0.7640625 0.0109375 0.01875
0 0.41875 0.646875 0.0171875 0.0203125
0 0.459375 0.64375 0.0171875 0.0171875
0 0.4953125 0.64375 0.0171875 0.01875
0 0.48125 0.61875 0.0140625 0.01875
0 0.4578125 0.6203125 0.0203125 0.0234375
0 0.4171875 0.61875 0.021875 0.03125
0 0.4328125 0.603125 0.0140625 0.0171875
0 0.4703125 0.6 0.0125 0.01875
0 0.453125 0.5875 0.015625 0.0171875
0 0.3859375 0.5984375 0.01875 0.0265625
0 0.2015625 0.9625 0.025 0.0140625
