0 0.4265625 0.7234375 0.0203125 0.0265625
0 0.478125 0.7203125 0.0171875 0.0203125
0 0.525 0.7171875 0.01875 0.0203125
0 0.50625 0.6796875 0.01875 0.021875
0 0.4765625 0.6875 0.021875 0.03125
0 0.4234375 0.684375 0.0265625 0.0375
0 0.4453125 0.6609375 0.0171875 0.0234375
0 0.490625 0.6578125 0.01875 0.0203125
0 0.4671875 0.640625 0.0203125 0.0234375
0 0.384375 0.6546875 0.0203125 0.0375
0 0.190625 0.8921875 0.0171875 0.0203125
0 0.0828125 0.9859375 0.0296875 0.01875
0 0.0765625 0.934375 0.028125 0.015625
0 0.0765625 0.921875 0.028125 0.0140625
0 0.075 0.9140625 0.028125 0.015625
0 0.0703125 0.9015625 0.0296875 0.015625
