0 0.41875 0.5765625 0.0109375 0.0125
0 0.4484375 0.575 0.009375 0.009375
0 0.475 0.575 0.0109375 0.009375
0 0.465625 0.55625 0.009375 0.0125
0 0.446875 0.5578125 0.0109375 0.015625
0 0.4296875 0.5453125 0.009375 0.009375
0 0.4171875 0.55625 0.0140625 0.0203125
0 0.45625 0.54375 0.009375 0.0109375
0 0.44375 0.534375 0.009375 0.0125
0 0.39375 0.540625 0.0125 0.0203125
0 0.29375 0.6515625 0.0078125 0.0125
0 0.2453125 0.6875 0.015625 0.009375
0 0.2375 0.6640625 0.015625 0.0078125
0 0.2359375 0.659375 0.0140625 0.0078125
0 0.2328125 0.6515625 0.0140625 0.0078125
0 0.2734375 0.7671875 0.015625 0.0109375
