0 0.43125 0.75 0.021875 0.0296875
0 0.4875 0.74375 0.021875 0.0265625
0 0.5359375 0.74375 0.021875 0.0265625
0 0.515625 0.7 0.01875 0.0234375
0 0.4828125 0.70625 0.0234375 0.03125
0 0.428125 0.7046875 0.03125 0.0453125
0 0.4484375 0.6796875 0.0171875 0.0234375
0 0.4984375 0.6765625 0.0203125 0.025
0 0.4734375 0.65625 0.021875 0.025
0 0.384375 0.671875 0.025 0.0390625
0 0.1734375 0.9390625 0.0171875 0.0265625
0 0.0484375 0.9828125 0.03125 0.01875
0 0.046875 0.9703125 0.0296875 0.015625
0 0.0453125 0.959375 0.03125 0.01875
0 0.0421875 0.946875 0.028125 0.015625
