0 0.421875 0.6859375 0.0171875 0.0234375
0 0.4671875 0.68125 0.0171875 0.0203125
0 0.5078125 0.6796875 0.01875 0.0234375
0 0.4921875 0.65 0.0140625 0.01875
0 0.4671875 0.6546875 0.021875 0.025
0 0.41875 0.6515625 0.0265625 0.034375
0 0.4375 0.6328125 0.0171875 0.021875
0 0.4796875 0.6296875 0.015625 0.0203125
0 0.4578125 0.615625 0.0171875 0.01875
0 0.384375 0.6265625 0.021875 0.0296875
0 0.13125 0.9 0.0265625 0.01875
0 0.2203125 0.825 0.0109375 0.015625
0 0.1234375 0.8546875 0.021875 0.015625
0 0.121875 0.8453125 0.028125 0.0140625
0 0.121875 0.8375 0.025 0.0125
0 0.1203125 0.8296875 0.0265625 0.0140625
