0 0.41875 0.5828125 0.0109375 0.0109375
0 0.45 0.5796875 0.009375 0.0109375
0 0.4765625 0.5796875 0.009375 0.0109375
0 0.4671875 0.5609375 0.009375 0.0109375
0 0.4484375 0.5640625 0.0125 0.015625
0 0.4296875 0.5515625 0.009375 0.0109375
0 0.4171875 0.5625 0.015625 0.021875
0 0.4578125 0.55 0.009375 0.0125
0 0.4453125 0.540625 0.009375 0.0125
0 0.3921875 0.5453125 0.015625 0.0203125
0 0.2890625 0.6640625 0.009375 0.009375
0 0.2375 0.7015625 0.015625 0.009375
0 0.228125 0.678125 0.0140625 0.009375
0 0.228125 0.66875 0.0125 0.0078125
0 0.225 0.6625 0.015625 0.0078125
0 0.2640625 0.7875 0.0171875 0.0125
