0 0.271875 0.6390625 0.0125 0.009375
0 0.2640625 0.61875 0.0140625 0.0109375
0 0.2609375 0.6109375 0.0125 0.0109375
0 0.3125 0.609375 0.00625 0.0078125
0 0.415625 0.5484375 0.009375 0.0109375
0 0.4421875 0.546875 0.00625 0.0078125
0 0.4625 0.546875 0.0078125 0.0078125
0 0.45625 0.5328125 0.00625 0.0109375
0 0.440625 0.534375 0.009375 0.0125
0 0.4140625 0.53125 0.0125 0.0171875
0 0.425 0.5234375 0.009375 0.009375
0 0.4484375 0.521875 0.009375 0.009375
0 0.4375 0.5140625 0.009375 0.0109375
0 0.39375 0.51875 0.0109375 0.0171875
0 0.2953125 0.7 0.0109375 0.009375
