0 0.4171875 0.5609375 0.0078125 0.009375
0 0.4453125 0.559375 0.009375 0.009375
0 0.46875 0.559375 0.0078125 0.009375
0 0.4609375 0.5421875 0.009375 0.0125
0 0.44375 0.5421875 0.0109375 0.0140625
0 0.4265625 0.5328125 0.0078125 0.0109375
0 0.415625 0.54375 0.0140625 0.021875
0 0.453125 0.53125 0.009375 0.0140625
0 0.4421875 0.521875 0.009375 0.0109375
0 0.39375 0.528125 0.0140625 0.0203125
0 0.303125 0.6296875 0.0078125 0.009375
0 0.259375 0.6609375 0.0140625 0.009375
0 0.2515625 0.6390625 0.0140625 0.0109375
0 0.2484375 0.6296875 0.0140625 0.009375
0 0.284375 0.73125 0.0140625 0.009375
