0 0.43125 0.7453125 0.021875 0.0296875
0 0.4859375 0.740625 0.0203125 0.0234375
0 0.534375 0.740625 0.021875 0.025
0 0.5140625 0.696875 0.01875 0.0203125
0 0.4828125 0.703125 0.0203125 0.0296875
0 0.4265625 0.7015625 0.028125 0.040625
0 0.4484375 0.6765625 0.0171875 0.0234375
0 0.496875 0.6734375 0.0203125 0.0265625
0 0.471875 0.6546875 0.0203125 0.025
0 0.384375 0.6703125 0.025 0.0375
0 0.1765625 0.9328125 0.0171875 0.0234375
0 0.0515625 0.975 0.0296875 0.0203125
0 0.0515625 0.9640625 0.03125 0.015625
0 0.05 0.9515625 0.03125 0.01875
0 0.0453125 0.9390625 0.0296875 0.0140625
