0 0.4234375 0.69375 0.01875 0.0234375
0 0.46875 0.6890625 0.0171875 0.0203125
0 0.5109375 0.690625 0.01875 0.0234375
0 0.4953125 0.65625 0.015625 0.021875
0 0.46875 0.6609375 0.0203125 0.0265625
0 0.4203125 0.6578125 0.0265625 0.0359375
0 0.4390625 0.6390625 0.0171875 0.021875
0 0.48125 0.6359375 0.0171875 0.01875
0 0.459375 0.6203125 0.0171875 0.01875
0 0.384375 0.6328125 0.021875 0.0296875
0 0.121875 0.915625 0.0234375 0.0171875
0 0.2140625 0.8390625 0.0125 0.015625
0 0.1140625 0.871875 0.025 0.015625
0 0.1109375 0.8609375 0.0296875 0.0140625
0 0.1109375 0.853125 0.0265625 0.0125
0 0.109375 0.8453125 0.0265625 0.0140625
