0 0.2734375 0.6078125 0.0125 0.009375
0 0.2703125 0.6 0.0125 0.009375
0 0.2796875 0.6234375 0.0125 0.0078125
0 0.3171875 0.5984375 0.00625 0.009375
0 0.4140625 0.540625 0.009375 0.0109375
0 0.4375 0.5390625 0.0078125 0.009375
0 0.459375 0.5390625 0.009375 0.009375
0 0.4515625 0.5234375 0.0078125 0.0078125
0 0.4375 0.5265625 0.0078125 0.0125
0 0.421875 0.515625 0.0078125 0.009375
0 0.4125 0.525 0.0125 0.0171875
0 0.4453125 0.515625 0.0078125 0.009375
0 0.434375 0.50625 0.0078125 0.0109375
0 0.3953125 0.5109375 0.009375 0.0171875
0 0.3015625 0.6796875 0.0109375 0.0078125
