0 0.4296875 0.73125 0.021875 0.0265625
0 0.48125 0.728125 0.0203125 0.0265625
0 0.528125 0.7265625 0.021875 0.0234375
0 0.509375 0.6859375 0.01875 0.0234375
0 0.478125 0.690625 0.0234375 0.028125
0 0.425 0.690625 0.025 0.0390625
0 0.4453125 0.665625 0.015625 0.01875
0 0.4921875 0.6625 0.0203125 0.0234375
0 0.4703125 0.6453125 0.01875 0.021875
0 0.3828125 0.659375 0.01875 0.03125
0 0.1859375 0.90625 0.0171875 0.0234375
0 0.0671875 0.9484375 0.0296875 0.015625
0 0.0671875 0.9375 0.0296875 0.015625
0 0.065625 0.925 0.0296875 0.0171875
0 0.0625 0.9140625 0.028125 0.0140625
