0 0.134375 0.89375 0.025 0.0171875
0 0.1265625 0.85 0.025 0.0125
0 0.125 0.840625 0.0265625 0.0109375
0 0.125 0.834375 0.021875 0.0078125
0 0.1203125 0.8265625 0.0265625 0.0109375
0 0.221875 0.821875 0.0125 0.0171875
0 0.421875 0.684375 0.0203125 0.021875
0 0.4671875 0.68125 0.0171875 0.01875
0 0.5078125 0.6796875 0.0171875 0.0171875
0 0.4921875 0.65 0.015625 0.01875
0 0.465625 0.6515625 0.0203125 0.0234375
0 0.41875 0.6484375 0.0234375 0.0375
0 0.4359375 0.63125 0.0171875 0.0203125
0 0.478125 0.628125 0.015625 0.015625
0 0.4578125 0.6140625 0.0171875 0.0203125
0 0.3828125 0.625 0.0203125 0.0296875
