0 0.4234375 0.6921875 0.01875 0.0234375
0 0.46875 0.6875 0.0171875 0.021875
0 0.5109375 0.6875 0.01875 0.0234375
0 0.4953125 0.6546875 0.015625 0.0203125
0 0.4671875 0.6609375 0.0203125 0.025
0 0.41875 0.65625 0.0265625 0.0390625
0 0.4390625 0.6390625 0.0171875 0.021875
0 0.48125 0.634375 0.015625 0.0203125
0 0.459375 0.6203125 0.0171875 0.01875
0 0.384375 0.6328125 0.021875 0.03125
0 0.125 0.9125 0.0234375 0.01875
0 0.215625 0.8359375 0.009375 0.0140625
0 0.115625 0.86875 0.025 0.015625
0 0.1140625 0.8578125 0.028125 0.0125
0 0.1140625 0.85 0.025 0.0125
0 0.1125 0.8421875 0.0265625 0.0125
