0 0.41875 0.6203125 0.015625 0.0171875
0 0.4546875 0.61875 0.0140625 0.0140625
0 0.4875 0.6171875 0.015625 0.0171875
0 0.475 0.59375 0.0125 0.0171875
0 0.4546875 0.5984375 0.015625 0.021875
0 0.415625 0.5953125 0.0203125 0.0328125
0 0.43125 0.58125 0.0140625 0.0171875
0 0.4640625 0.5796875 0.0140625 0.01875
0 0.4484375 0.565625 0.0140625 0.0171875
0 0.3859375 0.5765625 0.0171875 0.028125
0 0.259375 0.7234375 0.0109375 0.0109375
0 0.1953125 0.775 0.0171875 0.0125
0 0.1875 0.74375 0.01875 0.0109375
0 0.1859375 0.7390625 0.01875 0.009375
0 0.1828125 0.73125 0.0171875 0.0078125
0 0.1828125 0.7234375 0.01875 0.0078125
0 0.225 0.8875 0.0234375 0.015625
