0 0.4171875 0.6046875 0.0125 0.015625
0 0.4515625 0.6 0.0125 0.0109375
0 0.48125 0.6 0.0125 0.0109375
0 0.4703125 0.5796875 0.009375 0.0125
0 0.45 0.58125 0.0125 0.0171875
0 0.4140625 0.5796875 0.0171875 0.0265625
0 0.428125 0.5671875 0.009375 0.0109375
0 0.459375 0.565625 0.0109375 0.0140625
0 0.4453125 0.5546875 0.0125 0.0140625
0 0.3890625 0.5625 0.015625 0.021875
0 0.2703125 0.69375 0.0078125 0.0109375
0 0.2125 0.740625 0.0171875 0.009375
0 0.2046875 0.7109375 0.0140625 0.009375
0 0.2046875 0.7046875 0.015625 0.0109375
0 0.2015625 0.696875 0.015625 0.0109375
0 0.2421875 0.8390625 0.01875 0.0140625
