0 0.41875 0.565625 0.009375 0.0125
0 0.446875 0.5625 0.009375 0.009375
0 0.471875 0.5625 0.009375 0.009375
0 0.4625 0.5453125 0.009375 0.0109375
0 0.4453125 0.5484375 0.0109375 0.015625
0 0.428125 0.5359375 0.009375 0.0109375
0 0.415625 0.546875 0.0140625 0.021875
0 0.4546875 0.534375 0.009375 0.0125
0 0.4421875 0.5265625 0.0109375 0.0125
0 0.3953125 0.5328125 0.0125 0.01875
0 0.3015625 0.634375 0.0078125 0.0109375
0 0.25625 0.6671875 0.0140625 0.0125
0 0.2484375 0.646875 0.0140625 0.0078125
0 0.246875 0.6390625 0.0140625 0.0078125
0 0.2453125 0.6328125 0.0125 0.009375
0 0.28125 0.740625 0.0140625 0.0109375
