0 0.41875 0.5796875 0.0109375 0.0140625
0 0.45 0.578125 0.009375 0.009375
0 0.4765625 0.578125 0.0109375 0.009375
0 0.4671875 0.559375 0.009375 0.0109375
0 0.4484375 0.5625 0.0125 0.015625
0 0.4296875 0.5484375 0.009375 0.0109375
0 0.4171875 0.5609375 0.0140625 0.021875
0 0.4578125 0.5484375 0.009375 0.0125
0 0.44375 0.5359375 0.0078125 0.0109375
0 0.3921875 0.5453125 0.0140625 0.021875
0 0.290625 0.659375 0.0078125 0.0125
0 0.240625 0.6953125 0.015625 0.009375
0 0.2328125 0.671875 0.015625 0.0078125
0 0.23125 0.6671875 0.0140625 0.0078125
0 0.228125 0.659375 0.0140625 0.0078125
0 0.26875 0.778125 0.015625 0.0109375
