0 0.43125 0.7515625 0.01875 0.0296875
0 0.4890625 0.7484375 0.021875 0.025
0 0.5375 0.7453125 0.021875 0.01875
0 0.5171875 0.703125 0.01875 0.021875
0 0.484375 0.7078125 0.0234375 0.0265625
0 0.428125 0.7078125 0.025 0.0421875
0 0.4484375 0.6828125 0.0171875 0.0234375
0 0.5 0.6796875 0.021875 0.025
0 0.4765625 0.65625 0.01875 0.0234375
0 0.384375 0.675 0.025 0.0390625
0 0.171875 0.94375 0.01875 0.0234375
0 0.04375 0.978125 0.03125 0.015625
0 0.040625 0.9640625 0.0328125 0.0171875
0 0.0375 0.953125 0.0296875 0.015625
