0 0.421875 0.6875 0.0171875 0.021875
0 0.4671875 0.684375 0.0171875 0.021875
0 0.509375 0.6828125 0.01875 0.0234375
0 0.4921875 0.6515625 0.0140625 0.01875
0 0.4671875 0.65625 0.0203125 0.025
0 0.41875 0.653125 0.0265625 0.0375
0 0.4375 0.634375 0.0171875 0.0203125
0 0.4796875 0.63125 0.015625 0.0203125
0 0.4578125 0.6171875 0.0171875 0.0171875
0 0.384375 0.628125 0.021875 0.03125
0 0.13125 0.9015625 0.025 0.0171875
0 0.21875 0.8296875 0.015625 0.01875
0 0.1203125 0.859375 0.0234375 0.015625
0 0.1203125 0.85 0.028125 0.0125
0 0.11875 0.840625 0.0265625 0.0109375
0 0.11875 0.834375 0.028125 0.0125
