0 0.425 0.7109375 0.0203125 0.025
0 0.475 0.7078125 0.0171875 0.021875
0 0.51875 0.7078125 0.01875 0.0234375
0 0.5015625 0.6703125 0.0171875 0.021875
0 0.471875 0.6765625 0.0203125 0.0265625
0 0.421875 0.675 0.0265625 0.0390625
0 0.4421875 0.653125 0.01875 0.021875
0 0.4875 0.6484375 0.01875 0.021875
0 0.465625 0.63125 0.01875 0.0234375
0 0.3828125 0.6453125 0.0234375 0.03125
0 0.1 0.9609375 0.03125 0.021875
0 0.2 0.8703125 0.0140625 0.0171875
0 0.0921875 0.9078125 0.0296875 0.015625
0 0.0890625 0.89375 0.0296875 0.0140625
0 0.090625 0.8859375 0.028125 0.0140625
0 0.0875 0.878125 0.0265625 0.0140625
