0 0.41875 0.6234375 0.015625 0.0203125
0 0.4546875 0.621875 0.0140625 0.015625
0 0.4875 0.6203125 0.0140625 0.01875
0 0.475 0.596875 0.0140625 0.015625
0 0.4546875 0.6 0.0171875 0.021875
0 0.4171875 0.596875 0.021875 0.0328125
0 0.43125 0.5859375 0.0140625 0.015625
0 0.4640625 0.58125 0.0140625 0.0171875
0 0.4484375 0.5703125 0.0140625 0.0171875
0 0.3859375 0.5796875 0.0171875 0.028125
0 0.2578125 0.728125 0.0109375 0.0125
0 0.19375 0.778125 0.01875 0.0109375
0 0.184375 0.7484375 0.01875 0.009375
0 0.184375 0.7421875 0.01875 0.009375
0 0.18125 0.734375 0.0171875 0.0078125
0 0.1796875 0.7265625 0.01875 0.0078125
0 0.2234375 0.8953125 0.021875 0.015625
