0 0.4328125 0.7625 0.021875 0.0265625
0 0.490625 0.75625 0.021875 0.0265625
0 0.5421875 0.7546875 0.0203125 0.0265625
0 0.51875 0.709375 0.0203125 0.0234375
0 0.4890625 0.7171875 0.021875 0.0265625
0 0.4296875 0.7140625 0.028125 0.0453125
0 0.4515625 0.684375 0.01875 0.0234375
0 0.5015625 0.684375 0.0203125 0.0265625
0 0.4765625 0.665625 0.0203125 0.028125
0 0.3859375 0.6796875 0.021875 0.0375
0 0.1609375 0.965625 0.01875 0.0234375
0 0.0296875 0.984375 0.034375 0.015625
0 0.028125 0.971875 0.03125 0.015625
