0 0.41875 0.634375 0.0171875 0.01875
0 0.4578125 0.63125 0.0140625 0.01875
0 0.4921875 0.6296875 0.015625 0.0203125
0 0.478125 0.6046875 0.0140625 0.01875
0 0.4578125 0.6078125 0.01875 0.0234375
0 0.4171875 0.6046875 0.021875 0.0328125
0 0.4328125 0.5921875 0.0140625 0.01875
0 0.4671875 0.5890625 0.0140625 0.01875
0 0.4515625 0.5765625 0.015625 0.01875
0 0.3859375 0.5859375 0.01875 0.0296875
0 0.253125 0.7421875 0.009375 0.0140625
0 0.184375 0.7953125 0.0171875 0.0109375
0 0.1765625 0.7640625 0.01875 0.009375
0 0.175 0.7578125 0.0203125 0.009375
0 0.1734375 0.75 0.01875 0.0078125
0 0.171875 0.740625 0.01875 0.009375
0 0.215625 0.921875 0.021875 0.0140625
