0 0.41875 0.571875 0.009375 0.0125
0 0.4484375 0.56875 0.009375 0.009375
0 0.4734375 0.56875 0.0109375 0.009375
0 0.4640625 0.5515625 0.009375 0.0109375
0 0.446875 0.5546875 0.0125 0.015625
0 0.428125 0.5421875 0.009375 0.0125
0 0.415625 0.553125 0.0140625 0.021875
0 0.45625 0.540625 0.009375 0.0125
0 0.44375 0.5296875 0.009375 0.0109375
0 0.39375 0.5375 0.0140625 0.0203125
0 0.296875 0.6453125 0.0078125 0.0109375
0 0.25 0.678125 0.015625 0.0109375
0 0.2421875 0.659375 0.015625 0.0078125
0 0.240625 0.6515625 0.0140625 0.0078125
0 0.2375 0.6453125 0.0140625 0.009375
0 0.2765625 0.75625 0.0140625 0.009375
