0 0.425 0.7015625 0.01875 0.0234375
0 0.471875 0.696875 0.0171875 0.0203125
0 0.515625 0.6984375 0.01875 0.0234375
0 0.4984375 0.6625 0.015625 0.0203125
0 0.4703125 0.66875 0.0203125 0.0265625
0 0.4203125 0.6671875 0.0265625 0.0390625
0 0.440625 0.646875 0.01875 0.021875
0 0.484375 0.6421875 0.01875 0.0203125
0 0.4625 0.6265625 0.01875 0.0203125
0 0.384375 0.6390625 0.021875 0.034375
0 0.1125 0.9359375 0.0296875 0.021875
0 0.2078125 0.85625 0.015625 0.021875
0 0.103125 0.8875 0.0265625 0.015625
0 0.1015625 0.8765625 0.028125 0.0140625
0 0.1015625 0.86875 0.028125 0.0140625
0 0.1 0.8609375 0.028125 0.0140625
