0 0.425 0.7015625 0.01875 0.025
0 0.471875 0.696875 0.0171875 0.0203125
0 0.5140625 0.6953125 0.01875 0.0234375
0 0.4984375 0.6625 0.015625 0.021875
0 0.4703125 0.66875 0.0203125 0.025
0 0.4203125 0.6640625 0.0265625 0.0390625
0 0.440625 0.6453125 0.01875 0.021875
0 0.4828125 0.6421875 0.0171875 0.01875
0 0.4625 0.6265625 0.01875 0.01875
0 0.384375 0.6375 0.021875 0.03125
0 0.1140625 0.934375 0.028125 0.015625
0 0.209375 0.8515625 0.015625 0.0171875
0 0.1046875 0.8859375 0.028125 0.015625
0 0.103125 0.875 0.028125 0.0140625
0 0.103125 0.8671875 0.028125 0.0140625
0 0.1015625 0.859375 0.028125 0.0140625
