0 0.425 0.7078125 0.0203125 0.0234375
0 0.4734375 0.703125 0.0171875 0.021875
0 0.5171875 0.703125 0.01875 0.0234375
0 0.5 0.66875 0.0171875 0.021875
0 0.471875 0.675 0.0203125 0.028125
0 0.421875 0.671875 0.0265625 0.0390625
0 0.4421875 0.65 0.01875 0.0203125
0 0.4859375 0.646875 0.01875 0.021875
0 0.4640625 0.63125 0.01875 0.021875
0 0.3828125 0.64375 0.0234375 0.03125
0 0.103125 0.953125 0.0296875 0.021875
0 0.203125 0.865625 0.0140625 0.0203125
0 0.0953125 0.9015625 0.0296875 0.015625
0 0.09375 0.890625 0.0296875 0.015625
0 0.09375 0.88125 0.028125 0.0125
0 0.0921875 0.875 0.028125 0.015625
