0 0.171875 0.8234375 0.0234375 0.0171875
0 0.1625 0.7859375 0.0203125 0.0109375
0 0.1625 0.7796875 0.0203125 0.009375
0 0.159375 0.7734375 0.0203125 0.009375
0 0.1578125 0.765625 0.0203125 0.009375
0 0.2453125 0.7609375 0.009375 0.0171875
0 0.41875 0.646875 0.0171875 0.0203125
0 0.459375 0.64375 0.0171875 0.0171875
0 0.4953125 0.64375 0.0171875 0.01875
0 0.48125 0.6171875 0.0140625 0.0171875
0 0.4578125 0.61875 0.0203125 0.0203125
0 0.4171875 0.61875 0.021875 0.03125
0 0.4328125 0.603125 0.0140625 0.0171875
0 0.4703125 0.6 0.0125 0.01875
0 0.4515625 0.5875 0.0140625 0.0171875
0 0.3859375 0.596875 0.01875 0.0296875
0 0.2046875 0.9609375 0.0234375 0.0171875
