0 0.43125 0.7546875 0.01875 0.0265625
0 0.490625 0.7515625 0.021875 0.0265625
0 0.5390625 0.7484375 0.0234375 0.0203125
0 0.51875 0.70625 0.01875 0.0234375
0 0.4859375 0.7125 0.0234375 0.03125
0 0.428125 0.7125 0.0265625 0.046875
0 0.45 0.684375 0.0171875 0.0234375
0 0.5015625 0.68125 0.021875 0.0265625
0 0.4765625 0.6609375 0.0171875 0.025
0 0.3859375 0.6765625 0.025 0.0375
0 0.16875 0.953125 0.01875 0.0234375
0 0.0390625 0.9859375 0.03125 0.015625
0 0.0359375 0.971875 0.0328125 0.0171875
0 0.0328125 0.9609375 0.0296875 0.015625
