0 0.43125 0.7421875 0.021875 0.0296875
0 0.4859375 0.7390625 0.021875 0.025
0 0.5328125 0.7390625 0.021875 0.025
0 0.5140625 0.6953125 0.01875 0.021875
0 0.4828125 0.7 0.021875 0.0265625
0 0.4265625 0.7 0.0296875 0.0421875
0 0.4484375 0.675 0.01875 0.0234375
0 0.4953125 0.671875 0.0203125 0.025
0 0.471875 0.653125 0.021875 0.025
0 0.384375 0.66875 0.025 0.0375
0 0.178125 0.928125 0.0171875 0.021875
0 0.0546875 0.9703125 0.0296875 0.0171875
0 0.0546875 0.9578125 0.03125 0.015625
0 0.053125 0.946875 0.03125 0.0171875
0 0.0484375 0.934375 0.0296875 0.015625
