0 0.1640625 0.8359375 0.0203125 0.0140625
0 0.15625 0.7984375 0.021875 0.0125
0 0.15625 0.790625 0.021875 0.0125
0 0.153125 0.7859375 0.021875 0.009375
0 0.1515625 0.778125 0.021875 0.009375
0 0.2390625 0.7734375 0.0109375 0.0171875
0 0.4203125 0.6546875 0.01875 0.021875
0 0.4609375 0.6515625 0.0171875 0.01875
0 0.496875 0.65 0.0171875 0.0171875
0 0.484375 0.6234375 0.015625 0.0203125
0 0.459375 0.625 0.0203125 0.0234375
0 0.4171875 0.625 0.0203125 0.03125
0 0.434375 0.6078125 0.015625 0.0203125
0 0.471875 0.6046875 0.0125 0.0171875
0 0.453125 0.59375 0.0140625 0.015625
0 0.384375 0.603125 0.0203125 0.0296875
0 0.196875 0.9765625 0.025 0.0171875
