0 0.4171875 0.5890625 0.0109375 0.0125
0 0.4484375 0.5859375 0.0109375 0.009375
0 0.478125 0.5859375 0.009375 0.009375
0 0.4671875 0.565625 0.0109375 0.0125
0 0.4484375 0.56875 0.0125 0.01875
0 0.428125 0.55625 0.009375 0.0125
0 0.415625 0.5671875 0.015625 0.0234375
0 0.4578125 0.553125 0.0109375 0.0109375
0 0.44375 0.54375 0.009375 0.0109375
0 0.390625 0.55 0.015625 0.01875
0 0.284375 0.671875 0.009375 0.009375
0 0.2296875 0.7125 0.0171875 0.0125
0 0.221875 0.6875 0.015625 0.009375
0 0.2203125 0.6796875 0.015625 0.00625
0 0.2171875 0.671875 0.015625 0.009375
0 0.2578125 0.8 0.0171875 0.0140625
