0 0.4265625 0.715625 0.021875 0.0265625
0 0.4765625 0.715625 0.0203125 0.0234375
0 0.5203125 0.7109375 0.0203125 0.0234375
0 0.5046875 0.6734375 0.01875 0.0203125
0 0.475 0.68125 0.021875 0.0296875
0 0.425 0.678125 0.028125 0.0390625
0 0.4453125 0.6546875 0.01875 0.0234375
0 0.4875 0.653125 0.01875 0.021875
0 0.465625 0.6359375 0.01875 0.0234375
0 0.384375 0.65 0.025 0.0359375
0 0.1953125 0.88125 0.0140625 0.0203125
0 0.0921875 0.971875 0.03125 0.0234375
0 0.084375 0.9203125 0.028125 0.0125
0 0.084375 0.9078125 0.028125 0.0140625
0 0.0828125 0.8984375 0.0265625 0.0171875
0 0.0796875 0.8859375 0.028125 0.0140625
