0 0.4171875 0.609375 0.0125 0.015625
0 0.4515625 0.6046875 0.0140625 0.0125
0 0.4828125 0.603125 0.0125 0.0140625
0 0.471875 0.5828125 0.009375 0.009375
0 0.45 0.584375 0.0140625 0.0203125
0 0.4140625 0.5828125 0.0171875 0.025
0 0.4296875 0.56875 0.009375 0.0109375
0 0.4609375 0.56875 0.0109375 0.0125
0 0.4453125 0.55625 0.0109375 0.0140625
0 0.3875 0.565625 0.015625 0.0234375
0 0.26875 0.7 0.0078125 0.0109375
0 0.209375 0.7484375 0.0171875 0.009375
0 0.2015625 0.7171875 0.0140625 0.009375
0 0.2015625 0.7109375 0.015625 0.009375
0 0.1984375 0.703125 0.015625 0.009375
0 0.2375 0.8515625 0.021875 0.015625
