0 0.4171875 0.609375 0.0125 0.015625
0 0.453125 0.6046875 0.0125 0.0140625
0 0.4828125 0.6046875 0.0125 0.015625
0 0.471875 0.5828125 0.009375 0.009375
0 0.45 0.584375 0.0140625 0.0203125
0 0.415625 0.5828125 0.015625 0.0265625
0 0.4296875 0.5703125 0.009375 0.0140625
0 0.4609375 0.56875 0.0109375 0.0125
0 0.4453125 0.5578125 0.0109375 0.0125
0 0.3875 0.5671875 0.015625 0.021875
0 0.26875 0.7015625 0.0078125 0.0109375
0 0.2078125 0.75 0.0171875 0.009375
0 0.2 0.71875 0.0140625 0.009375
0 0.2 0.7125 0.015625 0.0109375
0 0.196875 0.7046875 0.015625 0.0109375
0 0.2375 0.8546875 0.0203125 0.015625
