0 0.159375 0.846875 0.021875 0.015625
0 0.1515625 0.8078125 0.025 0.0140625
0 0.1515625 0.8015625 0.021875 0.0109375
0 0.146875 0.79375 0.0203125 0.0078125
0 0.1453125 0.784375 0.0234375 0.0125
0 0.2359375 0.7828125 0.0109375 0.0140625
0 0.4203125 0.6609375 0.0171875 0.021875
0 0.4625 0.6578125 0.0171875 0.01875
0 0.5 0.65625 0.0171875 0.0171875
0 0.4859375 0.628125 0.015625 0.0171875
0 0.4609375 0.63125 0.01875 0.0234375
0 0.4171875 0.628125 0.0203125 0.0328125
0 0.434375 0.6125 0.0140625 0.0171875
0 0.4734375 0.609375 0.0125 0.0171875
0 0.4546875 0.596875 0.015625 0.0171875
0 0.384375 0.6078125 0.0203125 0.028125
