0 0.41875 0.6265625 0.015625 0.0171875
0 0.45625 0.625 0.0140625 0.015625
0 0.4890625 0.6234375 0.015625 0.01875
0 0.4765625 0.5984375 0.0125 0.0203125
0 0.4546875 0.6015625 0.0171875 0.0234375
0 0.4171875 0.6 0.021875 0.034375
0 0.43125 0.5859375 0.0140625 0.0171875
0 0.465625 0.5828125 0.0140625 0.0203125
0 0.45 0.5703125 0.015625 0.0171875
0 0.3859375 0.5796875 0.0171875 0.0296875
0 0.25625 0.7296875 0.0109375 0.0140625
0 0.190625 0.7828125 0.0171875 0.0125
0 0.1828125 0.7515625 0.01875 0.0109375
0 0.18125 0.746875 0.0203125 0.009375
0 0.1796875 0.7390625 0.01875 0.0078125
0 0.178125 0.73125 0.01875 0.009375
0 0.221875 0.9 0.021875 0.0171875
