0 0.41875 0.571875 0.0109375 0.0140625
0 0.4484375 0.5703125 0.009375 0.009375
0 0.4734375 0.5703125 0.0109375 0.009375
0 0.4640625 0.5515625 0.009375 0.0109375
0 0.446875 0.5546875 0.0125 0.015625
0 0.4296875 0.54375 0.009375 0.009375
0 0.4171875 0.553125 0.015625 0.0234375
0 0.45625 0.540625 0.009375 0.0125
0 0.44375 0.5328125 0.009375 0.0125
0 0.39375 0.5390625 0.0125 0.021875
0 0.296875 0.646875 0.00625 0.009375
0 0.2484375 0.68125 0.015625 0.0125
0 0.240625 0.659375 0.0140625 0.0078125
0 0.2390625 0.653125 0.0140625 0.0078125
0 0.2375 0.646875 0.0125 0.009375
0 0.2765625 0.759375 0.015625 0.0109375
