0 0.1625 0.8390625 0.0203125 0.0171875
0 0.153125 0.8015625 0.0203125 0.0109375
0 0.153125 0.79375 0.021875 0.0109375
0 0.15 0.7890625 0.0203125 0.009375
0 0.1484375 0.78125 0.0203125 0.009375
0 0.2390625 0.778125 0.0109375 0.015625
0 0.4203125 0.6578125 0.01875 0.01875
0 0.4609375 0.6546875 0.0171875 0.01875
0 0.4984375 0.653125 0.0171875 0.0203125
0 0.484375 0.6265625 0.0140625 0.01875
0 0.459375 0.6296875 0.0203125 0.021875
0 0.4171875 0.6265625 0.0203125 0.0328125
0 0.434375 0.6109375 0.015625 0.01875
0 0.471875 0.6078125 0.0140625 0.01875
0 0.4546875 0.59375 0.015625 0.0171875
0 0.384375 0.6046875 0.0203125 0.0296875
0 0.19375 0.984375 0.025 0.0171875
