0 0.265625 0.6484375 0.0125 0.009375
0 0.2578125 0.6296875 0.0140625 0.0078125
0 0.2546875 0.621875 0.0140625 0.0078125
0 0.3078125 0.61875 0.00625 0.0109375
0 0.4171875 0.55625 0.009375 0.0125
0 0.44375 0.553125 0.00625 0.0078125
0 0.465625 0.553125 0.009375 0.0078125
0 0.4578125 0.5390625 0.0078125 0.009375
0 0.4421875 0.540625 0.009375 0.0125
0 0.415625 0.5375 0.0125 0.01875
0 0.4265625 0.5296875 0.009375 0.009375
0 0.4515625 0.528125 0.009375 0.009375
0 0.4390625 0.5203125 0.009375 0.0109375
0 0.3953125 0.525 0.0125 0.01875
0 0.290625 0.715625 0.0140625 0.0078125
