0 0.41875 0.5734375 0.0109375 0.0125
0 0.4484375 0.5703125 0.009375 0.009375
0 0.475 0.5703125 0.009375 0.009375
0 0.465625 0.553125 0.009375 0.0109375
0 0.446875 0.55625 0.0109375 0.015625
0 0.4296875 0.54375 0.009375 0.009375
0 0.4171875 0.5546875 0.0140625 0.021875
0 0.45625 0.5421875 0.009375 0.0125
0 0.44375 0.5328125 0.009375 0.0125
0 0.39375 0.5390625 0.0125 0.021875
0 0.2953125 0.646875 0.0078125 0.0109375
0 0.2484375 0.68125 0.015625 0.0109375
0 0.240625 0.6609375 0.015625 0.0078125
0 0.2390625 0.653125 0.0140625 0.0078125
0 0.2359375 0.646875 0.0140625 0.009375
0 0.275 0.759375 0.0140625 0.0109375
