0 0.41875 0.6203125 0.015625 0.0171875
0 0.4546875 0.61875 0.0140625 0.015625
0 0.4859375 0.6171875 0.0140625 0.0171875
0 0.475 0.59375 0.0125 0.0171875
0 0.4546875 0.596875 0.015625 0.0234375
0 0.415625 0.59375 0.0203125 0.0328125
0 0.43125 0.58125 0.0140625 0.015625
0 0.4640625 0.578125 0.0140625 0.0171875
0 0.4484375 0.565625 0.0140625 0.0171875
0 0.3859375 0.575 0.0171875 0.0265625
0 0.259375 0.721875 0.0109375 0.0140625
0 0.196875 0.771875 0.01875 0.0109375
0 0.1875 0.7421875 0.01875 0.009375
0 0.1875 0.7359375 0.01875 0.0109375
0 0.184375 0.73125 0.0171875 0.0078125
0 0.1828125 0.7234375 0.01875 0.009375
0 0.2265625 0.8875 0.021875 0.015625
