0 0.415625 0.5984375 0.0109375 0.015625
0 0.45 0.5953125 0.0125 0.0140625
0 0.4796875 0.5953125 0.0125 0.0140625
0 0.46875 0.5734375 0.009375 0.0125
0 0.4484375 0.5765625 0.0125 0.01875
0 0.4140625 0.575 0.0171875 0.0265625
0 0.428125 0.5625 0.009375 0.0140625
0 0.4578125 0.5609375 0.0109375 0.0125
0 0.44375 0.55 0.0109375 0.0125
0 0.3890625 0.5578125 0.015625 0.01875
0 0.275 0.6859375 0.0078125 0.0109375
0 0.21875 0.73125 0.015625 0.009375
0 0.2109375 0.7015625 0.015625 0.009375
0 0.209375 0.6953125 0.0140625 0.009375
0 0.20625 0.6875 0.015625 0.009375
0 0.246875 0.8265625 0.0171875 0.0125
