0 0.428125 0.721875 0.021875 0.028125
0 0.478125 0.71875 0.0203125 0.0234375
0 0.5234375 0.7171875 0.01875 0.0234375
0 0.50625 0.678125 0.01875 0.021875
0 0.4765625 0.6859375 0.021875 0.028125
0 0.425 0.6828125 0.028125 0.0390625
0 0.4453125 0.659375 0.01875 0.0234375
0 0.4890625 0.65625 0.01875 0.021875
0 0.4671875 0.6390625 0.01875 0.0234375
0 0.384375 0.6546875 0.025 0.0375
0 0.1921875 0.8890625 0.015625 0.0203125
0 0.0859375 0.98125 0.0296875 0.0203125
0 0.078125 0.9296875 0.0296875 0.015625
0 0.078125 0.9171875 0.0296875 0.0140625
0 0.078125 0.9078125 0.028125 0.015625
0 0.0734375 0.896875 0.0296875 0.0125
