0 0.178125 0.8125 0.021875 0.015625
0 0.16875 0.7765625 0.021875 0.0125
0 0.16875 0.7703125 0.0203125 0.009375
0 0.165625 0.7640625 0.0203125 0.0078125
0 0.1640625 0.7578125 0.0203125 0.009375
0 0.2484375 0.753125 0.0125 0.0140625
0 0.41875 0.6421875 0.015625 0.01875
0 0.4578125 0.6390625 0.0171875 0.01875
0 0.4921875 0.6375 0.0171875 0.0203125
0 0.4796875 0.6125 0.0140625 0.01875
0 0.4578125 0.615625 0.01875 0.021875
0 0.415625 0.6125 0.0203125 0.0296875
0 0.4328125 0.596875 0.0125 0.0171875
0 0.46875 0.59375 0.0125 0.0171875
0 0.4515625 0.5828125 0.015625 0.015625
0 0.3859375 0.59375 0.01875 0.0296875
0 0.209375 0.9421875 0.025 0.015625
