0 0.16875 0.828125 0.025 0.0171875
0 0.159375 0.790625 0.0203125 0.0125
0 0.159375 0.7828125 0.021875 0.0109375
0 0.15625 0.778125 0.0203125 0.0078125
0 0.1546875 0.771875 0.0203125 0.009375
0 0.24375 0.76875 0.0109375 0.015625
0 0.41875 0.65 0.0171875 0.0203125
0 0.459375 0.646875 0.0171875 0.0203125
0 0.4953125 0.646875 0.0171875 0.01875
0 0.4828125 0.6203125 0.015625 0.01875
0 0.459375 0.6234375 0.01875 0.021875
0 0.4171875 0.6203125 0.021875 0.0328125
0 0.4328125 0.6046875 0.0140625 0.0171875
0 0.4703125 0.6015625 0.0125 0.0171875
0 0.453125 0.5890625 0.015625 0.0171875
0 0.384375 0.6 0.0203125 0.0265625
0 0.2 0.9671875 0.025 0.01875
