0 0.4296875 0.7390625 0.021875 0.025
0 0.4828125 0.734375 0.01875 0.021875
0 0.53125 0.73125 0.0203125 0.0203125
0 0.5125 0.6921875 0.01875 0.0234375
0 0.48125 0.6984375 0.0203125 0.03125
0 0.4265625 0.6953125 0.0296875 0.0390625
0 0.446875 0.671875 0.0171875 0.0234375
0 0.4953125 0.66875 0.01875 0.0234375
0 0.4734375 0.6484375 0.015625 0.0234375
0 0.3859375 0.665625 0.021875 0.0359375
0 0.1796875 0.921875 0.0140625 0.021875
0 0.059375 0.9625 0.03125 0.0171875
0 0.0578125 0.9515625 0.0296875 0.0125
0 0.05625 0.940625 0.0296875 0.015625
0 0.053125 0.9296875 0.0296875 0.015625
