0 0.159375 0.8453125 0.021875 0.015625
0 0.1515625 0.8078125 0.021875 0.0125
0 0.15 0.8 0.0234375 0.0125
0 0.146875 0.7921875 0.0203125 0.0078125
0 0.146875 0.7859375 0.021875 0.009375
0 0.2375 0.78125 0.0125 0.015625
0 0.4203125 0.659375 0.01875 0.01875
0 0.4609375 0.65625 0.0171875 0.0171875
0 0.4984375 0.6546875 0.0171875 0.0203125
0 0.484375 0.628125 0.0140625 0.01875
0 0.4609375 0.63125 0.01875 0.021875
0 0.4171875 0.628125 0.0203125 0.0328125
0 0.434375 0.6125 0.015625 0.01875
0 0.471875 0.609375 0.0140625 0.0171875
0 0.4546875 0.5953125 0.015625 0.0171875
0 0.384375 0.6078125 0.0203125 0.028125
