0 0.175 0.8140625 0.0234375 0.015625
0 0.1671875 0.778125 0.021875 0.0109375
0 0.1671875 0.771875 0.0203125 0.0078125
0 0.1640625 0.765625 0.0203125 0.0078125
0 0.1625 0.759375 0.0203125 0.0109375
0 0.2484375 0.75625 0.0125 0.0203125
0 0.41875 0.64375 0.0171875 0.01875
0 0.4578125 0.640625 0.0171875 0.0171875
0 0.49375 0.6390625 0.0171875 0.0203125
0 0.4796875 0.6125 0.0140625 0.0171875
0 0.4578125 0.615625 0.01875 0.021875
0 0.415625 0.6140625 0.0203125 0.03125
0 0.4328125 0.6 0.0140625 0.01875
0 0.46875 0.5953125 0.0125 0.0171875
0 0.4515625 0.5859375 0.0140625 0.015625
0 0.3859375 0.5953125 0.01875 0.0296875
0 0.2046875 0.9484375 0.0234375 0.015625
