0 0.4171875 0.615625 0.0140625 0.01875
0 0.453125 0.6125 0.0140625 0.0140625
0 0.4859375 0.6125 0.0125 0.0140625
0 0.4734375 0.5890625 0.0125 0.015625
0 0.453125 0.5921875 0.015625 0.021875
0 0.4171875 0.5890625 0.0140625 0.03125
0 0.43125 0.578125 0.0125 0.015625
0 0.4625 0.5734375 0.0140625 0.0171875
0 0.446875 0.5625 0.0140625 0.0171875
0 0.3875 0.5703125 0.0140625 0.025
0 0.2625 0.715625 0.009375 0.0109375
0 0.2 0.7640625 0.0171875 0.0109375
0 0.1921875 0.734375 0.01875 0.009375
0 0.190625 0.728125 0.01875 0.0109375
0 0.1875 0.7234375 0.0171875 0.0078125
0 0.1875 0.715625 0.01875 0.0078125
0 0.23125 0.8765625 0.0171875 0.0140625
