0 0.415625 0.5953125 0.0109375 0.0140625
0 0.4484375 0.5921875 0.0140625 0.0125
0 0.478125 0.5921875 0.0109375 0.0109375
0 0.46875 0.571875 0.009375 0.0125
0 0.4484375 0.5734375 0.0125 0.0171875
0 0.4140625 0.571875 0.0171875 0.0265625
0 0.428125 0.5609375 0.009375 0.0125
0 0.4578125 0.5578125 0.0109375 0.0140625
0 0.44375 0.5484375 0.0109375 0.0125
0 0.3890625 0.55625 0.015625 0.01875
0 0.2765625 0.6828125 0.0078125 0.0125
0 0.221875 0.725 0.015625 0.009375
0 0.2140625 0.696875 0.015625 0.0109375
0 0.2125 0.690625 0.0140625 0.0078125
0 0.209375 0.684375 0.015625 0.009375
0 0.25 0.8203125 0.0171875 0.0140625
