0 0.425 0.7046875 0.0203125 0.0265625
0 0.4734375 0.7015625 0.0171875 0.021875
0 0.515625 0.7015625 0.01875 0.0234375
0 0.5 0.665625 0.015625 0.0203125
0 0.4703125 0.6703125 0.0203125 0.0265625
0 0.4203125 0.66875 0.0265625 0.0390625
0 0.440625 0.6484375 0.0171875 0.021875
0 0.484375 0.6453125 0.0171875 0.021875
0 0.4640625 0.6296875 0.01875 0.021875
0 0.3828125 0.6421875 0.0234375 0.03125
0 0.10625 0.9453125 0.0296875 0.021875
0 0.2046875 0.859375 0.015625 0.0171875
0 0.0984375 0.8953125 0.0296875 0.015625
0 0.096875 0.884375 0.0296875 0.0140625
0 0.096875 0.8765625 0.028125 0.0140625
0 0.0953125 0.86875 0.028125 0.0140625
