0 0.4171875 0.590625 0.0109375 0.0109375
0 0.4484375 0.5890625 0.0109375 0.0125
0 0.478125 0.5890625 0.009375 0.0125
0 0.4671875 0.5671875 0.0109375 0.0109375
0 0.4484375 0.5703125 0.0125 0.0171875
0 0.428125 0.5578125 0.009375 0.0125
0 0.415625 0.56875 0.015625 0.0234375
0 0.4578125 0.55625 0.0109375 0.0125
0 0.44375 0.5453125 0.009375 0.0109375
0 0.390625 0.5515625 0.015625 0.0203125
0 0.28125 0.675 0.009375 0.0125
0 0.2265625 0.7171875 0.0171875 0.009375
0 0.21875 0.6921875 0.015625 0.0078125
0 0.2171875 0.684375 0.015625 0.0078125
0 0.2125 0.6765625 0.0171875 0.009375
0 0.2546875 0.8078125 0.0171875 0.0140625
