0 0.15 0.8671875 0.021875 0.0171875
0 0.140625 0.8265625 0.025 0.0125
0 0.1390625 0.81875 0.0234375 0.0109375
0 0.1375 0.8109375 0.021875 0.0078125
0 0.134375 0.803125 0.0234375 0.0109375
0 0.2296875 0.7984375 0.0109375 0.0171875
0 0.421875 0.6703125 0.01875 0.021875
0 0.4640625 0.6671875 0.0171875 0.01875
0 0.503125 0.665625 0.0171875 0.0171875
0 0.4875 0.6375 0.0140625 0.0203125
0 0.4625 0.640625 0.0203125 0.021875
0 0.41875 0.6375 0.021875 0.0359375
0 0.4359375 0.6203125 0.015625 0.0171875
0 0.475 0.6171875 0.0140625 0.0171875
0 0.45625 0.6046875 0.015625 0.01875
0 0.3828125 0.615625 0.0203125 0.028125
