0 0.4234375 0.69375 0.01875 0.021875
0 0.46875 0.6890625 0.0171875 0.0203125
0 0.5109375 0.6875 0.01875 0.0234375
0 0.4953125 0.6546875 0.015625 0.0203125
0 0.46875 0.6609375 0.0203125 0.025
0 0.4203125 0.6578125 0.0265625 0.0359375
0 0.4390625 0.6390625 0.0171875 0.021875
0 0.48125 0.6359375 0.0171875 0.01875
0 0.459375 0.6203125 0.0171875 0.01875
0 0.384375 0.6328125 0.021875 0.03125
0 0.121875 0.915625 0.0265625 0.015625
0 0.215625 0.8375 0.0125 0.015625
0 0.1140625 0.8703125 0.0234375 0.015625
0 0.1125 0.859375 0.028125 0.0140625
0 0.1125 0.85 0.0265625 0.0109375
0 0.1109375 0.84375 0.0265625 0.0140625
