0 0.2734375 0.634375 0.0125 0.0109375
0 0.2671875 0.615625 0.0125 0.009375
0 0.2625 0.6078125 0.0109375 0.009375
0 0.3125 0.60625 0.00625 0.0078125
0 0.4140625 0.546875 0.0078125 0.0078125
0 0.440625 0.5453125 0.00625 0.0078125
0 0.4609375 0.5453125 0.0078125 0.0078125
0 0.4546875 0.53125 0.00625 0.009375
0 0.440625 0.5328125 0.009375 0.0140625
0 0.4140625 0.53125 0.0125 0.0171875
0 0.4234375 0.521875 0.009375 0.0078125
0 0.446875 0.521875 0.009375 0.009375
0 0.4359375 0.5140625 0.0078125 0.009375
0 0.39375 0.51875 0.0109375 0.01875
0 0.296875 0.69375 0.0109375 0.009375
