0 0.41875 0.6171875 0.0125 0.015625
0 0.453125 0.615625 0.0140625 0.0125
0 0.4859375 0.6140625 0.0125 0.015625
0 0.4734375 0.590625 0.0109375 0.015625
0 0.4515625 0.5921875 0.0109375 0.01875
0 0.415625 0.590625 0.015625 0.0265625
0 0.4296875 0.5796875 0.0125 0.0140625
0 0.4625 0.5765625 0.0140625 0.01875
0 0.4484375 0.5640625 0.0125 0.0171875
0 0.3875 0.575 0.015625 0.0234375
0 0.2625 0.7171875 0.009375 0.0109375
0 0.2 0.7671875 0.01875 0.0125
0 0.190625 0.7359375 0.01875 0.0109375
0 0.1890625 0.73125 0.0171875 0.009375
0 0.1875 0.725 0.015625 0.0078125
0 0.1859375 0.7171875 0.01875 0.0078125
0 0.2296875 0.8796875 0.015625 0.0109375
