0 0.415625 0.6015625 0.0109375 0.015625
0 0.45 0.596875 0.0140625 0.0125
0 0.4796875 0.596875 0.0109375 0.0125
0 0.4703125 0.575 0.009375 0.0109375
0 0.4484375 0.578125 0.0140625 0.0171875
0 0.4140625 0.5765625 0.0171875 0.025
0 0.428125 0.5640625 0.009375 0.0140625
0 0.459375 0.5625 0.0109375 0.0140625
0 0.44375 0.5515625 0.0109375 0.0109375
0 0.3890625 0.559375 0.015625 0.0203125
0 0.2734375 0.6890625 0.0078125 0.0125
0 0.2171875 0.7328125 0.015625 0.009375
0 0.209375 0.7046875 0.015625 0.0109375
0 0.2078125 0.6984375 0.0140625 0.0078125
0 0.2046875 0.6921875 0.015625 0.009375
0 0.2453125 0.8296875 0.0171875 0.0140625
