0 0.4171875 0.6046875 0.0125 0.015625
0 0.4515625 0.6015625 0.0125 0.0140625
0 0.48125 0.6015625 0.0125 0.0140625
0 0.4703125 0.5796875 0.009375 0.0125
0 0.45 0.5828125 0.0125 0.0203125
0 0.4140625 0.5796875 0.0171875 0.0265625
0 0.4296875 0.5671875 0.009375 0.0109375
0 0.4609375 0.565625 0.009375 0.0140625
0 0.4453125 0.55625 0.0109375 0.0125
0 0.3890625 0.5640625 0.015625 0.01875
0 0.2703125 0.696875 0.0078125 0.0125
0 0.2109375 0.7421875 0.0171875 0.009375
0 0.203125 0.7125 0.0140625 0.0109375
0 0.203125 0.7078125 0.015625 0.009375
0 0.2 0.7 0.015625 0.009375
0 0.240625 0.84375 0.0203125 0.0140625
