0 0.4296875 0.7453125 0.01875 0.028125
0 0.4859375 0.7421875 0.0203125 0.025
0 0.534375 0.7390625 0.0203125 0.0203125
0 0.515625 0.6984375 0.01875 0.0234375
0 0.4828125 0.7046875 0.01875 0.03125
0 0.4265625 0.7015625 0.025 0.040625
0 0.4484375 0.678125 0.0171875 0.0234375
0 0.496875 0.675 0.0203125 0.0234375
0 0.4734375 0.6546875 0.021875 0.025
0 0.3859375 0.66875 0.021875 0.0359375
0 0.175 0.934375 0.01875 0.0234375
0 0.05 0.978125 0.0296875 0.01875
0 0.05 0.965625 0.03125 0.015625
0 0.0484375 0.953125 0.03125 0.0171875
0 0.0453125 0.940625 0.028125 0.0140625
