0 0.1640625 0.8375 0.021875 0.0140625
0 0.1546875 0.8 0.0203125 0.0125
0 0.1546875 0.7921875 0.021875 0.0125
0 0.1515625 0.7875 0.0203125 0.009375
0 0.15 0.7796875 0.0203125 0.009375
0 0.240625 0.775 0.0125 0.015625
0 0.4203125 0.6546875 0.01875 0.0203125
0 0.4609375 0.6515625 0.0171875 0.0171875
0 0.496875 0.6515625 0.0171875 0.01875
0 0.484375 0.625 0.015625 0.0171875
0 0.459375 0.6265625 0.0203125 0.0203125
0 0.4171875 0.625 0.0203125 0.0328125
0 0.434375 0.609375 0.015625 0.0171875
0 0.471875 0.6046875 0.0125 0.0171875
0 0.453125 0.59375 0.0140625 0.0171875
0 0.384375 0.6046875 0.0203125 0.028125
0 0.1953125 0.978125 0.0234375 0.0171875
