0 0.4171875 0.5953125 0.009375 0.0125
0 0.4484375 0.5921875 0.0109375 0.0109375
0 0.478125 0.5921875 0.0109375 0.0109375
0 0.4671875 0.571875 0.0109375 0.0125
0 0.4484375 0.5734375 0.0125 0.0171875
0 0.428125 0.559375 0.009375 0.0109375
0 0.4140625 0.571875 0.0171875 0.0265625
0 0.4578125 0.5578125 0.0109375 0.0140625
0 0.44375 0.5484375 0.009375 0.0140625
0 0.3890625 0.5546875 0.015625 0.021875
0 0.278125 0.68125 0.009375 0.0125
0 0.221875 0.7234375 0.0171875 0.0109375
0 0.2140625 0.7 0.015625 0.009375
0 0.2125 0.6890625 0.015625 0.0109375
0 0.2078125 0.68125 0.0171875 0.0109375
0 0.25 0.81875 0.0171875 0.0125
