0 0.4296875 0.734375 0.021875 0.025
0 0.484375 0.7296875 0.01875 0.01875
0 0.5296875 0.728125 0.0203125 0.01875
0 0.5109375 0.6890625 0.01875 0.0203125
0 0.4796875 0.69375 0.0234375 0.0265625
0 0.425 0.69375 0.0265625 0.040625
0 0.446875 0.66875 0.0171875 0.0234375
0 0.49375 0.6671875 0.0203125 0.0234375
0 0.471875 0.6484375 0.01875 0.025
0 0.3828125 0.6625 0.0203125 0.0375
0 0.1828125 0.9125 0.0171875 0.0234375
0 0.0625 0.9546875 0.0296875 0.0171875
0 0.0625 0.9453125 0.0296875 0.015625
0 0.0609375 0.9328125 0.0296875 0.015625
0 0.0578125 0.921875 0.028125 0.015625
