0 0.4171875 0.5890625 0.0109375 0.0125
0 0.4484375 0.5875 0.0109375 0.0125
0 0.478125 0.5875 0.009375 0.0125
0 0.4671875 0.5671875 0.0109375 0.0109375
0 0.4484375 0.5703125 0.0125 0.015625
0 0.428125 0.55625 0.009375 0.0125
0 0.415625 0.5671875 0.015625 0.0234375
0 0.4578125 0.5546875 0.0109375 0.0140625
0 0.44375 0.5453125 0.009375 0.0125
0 0.390625 0.5515625 0.015625 0.021875
0 0.2828125 0.671875 0.0078125 0.009375
0 0.2296875 0.7125 0.0171875 0.0109375
0 0.221875 0.6875 0.015625 0.0078125
0 0.2203125 0.6796875 0.015625 0.0078125
0 0.215625 0.671875 0.0171875 0.009375
0 0.25625 0.803125 0.0171875 0.0125
