0 0.4265625 0.728125 0.0171875 0.0265625
0 0.4796875 0.7265625 0.0171875 0.021875
0 0.5265625 0.728125 0.021875 0.0296875
0 0.509375 0.6859375 0.01875 0.021875
0 0.4796875 0.690625 0.021875 0.0296875
0 0.425 0.6875 0.025 0.0390625
0 0.4453125 0.6640625 0.0171875 0.0234375
0 0.4921875 0.6625 0.01875 0.0234375
0 0.46875 0.6453125 0.0203125 0.0234375
0 0.3828125 0.6578125 0.0234375 0.03125
0 0.1875 0.903125 0.015625 0.0203125
0 0.06875 0.946875 0.0296875 0.015625
0 0.06875 0.9328125 0.0296875 0.0140625
0 0.0671875 0.9234375 0.0296875 0.0171875
0 0.0640625 0.9125 0.028125 0.0125
