0 0.41875 0.584375 0.009375 0.0109375
0 0.45 0.5828125 0.009375 0.0109375
0 0.4765625 0.5828125 0.0109375 0.0109375
0 0.4671875 0.5640625 0.009375 0.0125
0 0.4484375 0.565625 0.0125 0.015625
0 0.4296875 0.553125 0.009375 0.0109375
0 0.4171875 0.5640625 0.015625 0.0203125
0 0.4578125 0.5515625 0.009375 0.0109375
0 0.4453125 0.5421875 0.009375 0.0125
0 0.390625 0.5484375 0.0140625 0.01875
0 0.2859375 0.6671875 0.0078125 0.0125
0 0.234375 0.70625 0.015625 0.0125
0 0.225 0.68125 0.0140625 0.0109375
0 0.2234375 0.6734375 0.0140625 0.0046875
0 0.221875 0.6671875 0.015625 0.0078125
0 0.2609375 0.7921875 0.0171875 0.0140625
