0 0.178125 0.80625 0.0203125 0.0140625
0 0.1703125 0.771875 0.021875 0.0109375
0 0.1703125 0.765625 0.0203125 0.0078125
0 0.1671875 0.7609375 0.0203125 0.0078125
0 0.165625 0.7546875 0.0203125 0.009375
0 0.2484375 0.7515625 0.0109375 0.015625
0 0.41875 0.6390625 0.015625 0.0203125
0 0.4578125 0.6359375 0.0171875 0.0171875
0 0.4921875 0.6359375 0.0171875 0.01875
0 0.4796875 0.6109375 0.0140625 0.0171875
0 0.45625 0.6140625 0.0203125 0.021875
0 0.415625 0.6125 0.0203125 0.03125
0 0.4328125 0.596875 0.0125 0.0171875
0 0.46875 0.59375 0.0125 0.0171875
0 0.4515625 0.58125 0.015625 0.0171875
0 0.3859375 0.5921875 0.01875 0.0265625
0 0.2078125 0.9375 0.0234375 0.0171875
