0 0.425 0.703125 0.01875 0.0234375
0 0.471875 0.7 0.0171875 0.021875
0 0.515625 0.7 0.01875 0.0234375
0 0.4984375 0.6640625 0.0171875 0.021875
0 0.4703125 0.6703125 0.0203125 0.0265625
0 0.4203125 0.66875 0.0265625 0.0375
0 0.440625 0.646875 0.01875 0.021875
0 0.484375 0.64375 0.0171875 0.01875
0 0.4625 0.6265625 0.0171875 0.0203125
0 0.3828125 0.640625 0.0234375 0.03125
0 0.109375 0.940625 0.025 0.01875
0 0.20625 0.8578125 0.0140625 0.0203125
0 0.1015625 0.8921875 0.028125 0.015625
0 0.0984375 0.88125 0.0296875 0.0125
0 0.1 0.8734375 0.028125 0.0125
0 0.096875 0.865625 0.0265625 0.0125
