0 0.140625 0.8828125 0.025 0.0171875
0 0.1328125 0.8390625 0.025 0.0140625
0 0.13125 0.83125 0.025 0.0125
0 0.1296875 0.825 0.021875 0.0078125
0 0.1265625 0.8171875 0.025 0.0109375
0 0.225 0.8125 0.0140625 0.0171875
0 0.421875 0.678125 0.01875 0.021875
0 0.465625 0.675 0.0171875 0.01875
0 0.50625 0.6734375 0.0171875 0.0171875
0 0.490625 0.64375 0.015625 0.01875
0 0.4640625 0.646875 0.0203125 0.0234375
0 0.41875 0.64375 0.021875 0.034375
0 0.4359375 0.6265625 0.015625 0.01875
0 0.4765625 0.6234375 0.0140625 0.01875
0 0.45625 0.609375 0.0171875 0.0171875
0 0.3828125 0.6203125 0.0203125 0.0296875
