0 0.41875 0.58125 0.0109375 0.0125
0 0.45 0.578125 0.009375 0.009375
0 0.4765625 0.578125 0.009375 0.009375
0 0.4671875 0.559375 0.009375 0.0109375
0 0.4484375 0.5625 0.0125 0.015625
0 0.4296875 0.55 0.009375 0.0125
0 0.4171875 0.5609375 0.0140625 0.021875
0 0.4578125 0.5484375 0.009375 0.0125
0 0.4453125 0.5375 0.009375 0.0109375
0 0.3921875 0.54375 0.0140625 0.0203125
0 0.290625 0.6625 0.009375 0.009375
0 0.2390625 0.7 0.015625 0.009375
0 0.2296875 0.6765625 0.0140625 0.009375
0 0.2296875 0.6671875 0.0125 0.0078125
0 0.2265625 0.6609375 0.015625 0.0078125
0 0.2671875 0.7828125 0.015625 0.0125
