0 0.4234375 0.6953125 0.0171875 0.0234375
0 0.4703125 0.6921875 0.0171875 0.021875
0 0.5125 0.690625 0.01875 0.0234375
0 0.496875 0.6578125 0.015625 0.01875
0 0.46875 0.6625 0.0203125 0.0265625
0 0.4203125 0.6609375 0.0265625 0.0375
0 0.4390625 0.640625 0.0171875 0.021875
0 0.48125 0.6375 0.0171875 0.0203125
0 0.4609375 0.621875 0.01875 0.0203125
0 0.384375 0.634375 0.021875 0.03125
0 0.1203125 0.921875 0.0265625 0.0171875
0 0.2140625 0.8421875 0.0125 0.01875
0 0.1109375 0.8765625 0.025 0.015625
0 0.109375 0.865625 0.028125 0.0125
0 0.109375 0.85625 0.0265625 0.0109375
0 0.1078125 0.85 0.0265625 0.0125
