0 0.41875 0.5671875 0.009375 0.0109375
0 0.446875 0.5640625 0.009375 0.0109375
0 0.471875 0.5640625 0.0109375 0.0109375
0 0.4625 0.5484375 0.009375 0.0125
0 0.4453125 0.55 0.0109375 0.015625
0 0.428125 0.5375 0.009375 0.0109375
0 0.415625 0.5484375 0.0140625 0.0203125
0 0.4546875 0.5359375 0.009375 0.0109375
0 0.4421875 0.528125 0.0109375 0.0109375
0 0.3953125 0.534375 0.0125 0.01875
0 0.3 0.6390625 0.0078125 0.009375
0 0.253125 0.6703125 0.0140625 0.0109375
0 0.2453125 0.6515625 0.0140625 0.0078125
0 0.24375 0.64375 0.0140625 0.0078125
0 0.2421875 0.6375 0.0125 0.009375
0 0.2796875 0.7453125 0.0140625 0.0125
