0 0.425 0.7046875 0.01875 0.0265625
0 0.4734375 0.7015625 0.0171875 0.021875
0 0.515625 0.7 0.01875 0.0234375
0 0.4984375 0.665625 0.0171875 0.01875
0 0.4703125 0.6703125 0.0203125 0.0265625
0 0.4203125 0.66875 0.0265625 0.0390625
0 0.440625 0.6484375 0.0171875 0.021875
0 0.484375 0.6453125 0.0171875 0.021875
0 0.4625 0.6296875 0.0171875 0.021875
0 0.3828125 0.640625 0.0234375 0.0328125
0 0.1078125 0.9421875 0.0296875 0.021875
0 0.20625 0.859375 0.0140625 0.0171875
0 0.1 0.89375 0.028125 0.015625
0 0.0984375 0.8828125 0.028125 0.0140625
0 0.0984375 0.875 0.028125 0.0140625
0 0.096875 0.8671875 0.028125 0.0140625
