0 0.4171875 0.6046875 0.0125 0.015625
0 0.4515625 0.6015625 0.0125 0.0140625
0 0.48125 0.6015625 0.0125 0.0140625
0 0.4703125 0.5796875 0.009375 0.0125
0 0.45 0.58125 0.0125 0.0171875
0 0.4140625 0.5796875 0.0171875 0.0265625
0 0.428125 0.5671875 0.009375 0.0109375
0 0.459375 0.565625 0.0109375 0.0140625
0 0.4453125 0.5546875 0.0125 0.0140625
0 0.3890625 0.5625 0.015625 0.021875
0 0.2703125 0.696875 0.0078125 0.0125
0 0.2125 0.7421875 0.015625 0.009375
0 0.2046875 0.7109375 0.015625 0.009375
0 0.203125 0.7046875 0.0140625 0.0109375
0 0.2 0.696875 0.015625 0.0109375
0 0.240625 0.84375 0.0203125 0.015625
