0 0.4265625 0.725 0.01875 0.0234375
0 0.4796875 0.7234375 0.0203125 0.0203125
0 0.5265625 0.7234375 0.0171875 0.021875
0 0.5078125 0.684375 0.01875 0.021875
0 0.4765625 0.6875 0.0203125 0.025
0 0.425 0.6875 0.0265625 0.040625
0 0.4453125 0.6625 0.015625 0.0234375
0 0.4921875 0.6609375 0.01875 0.0234375
0 0.46875 0.6421875 0.0171875 0.0203125
0 0.384375 0.6578125 0.025 0.0359375
0 0.1875 0.9 0.0171875 0.0203125
0 0.071875 0.940625 0.0296875 0.015625
0 0.071875 0.9296875 0.028125 0.0140625
0 0.0703125 0.91875 0.028125 0.015625
0 0.0671875 0.9078125 0.028125 0.0140625
