0 0.275 0.603125 0.0125 0.0109375
0 0.2734375 0.5953125 0.0125 0.0109375
0 0.28125 0.6203125 0.0125 0.0078125
0 0.3171875 0.59375 0.0046875 0.0078125
0 0.4140625 0.5390625 0.009375 0.009375
0 0.4375 0.5375 0.0078125 0.009375
0 0.4578125 0.5375 0.0078125 0.009375
0 0.4515625 0.5234375 0.0078125 0.0078125
0 0.4375 0.525 0.009375 0.0125
0 0.421875 0.515625 0.0078125 0.009375
0 0.4125 0.5234375 0.0125 0.0171875
0 0.44375 0.5140625 0.0078125 0.009375
0 0.434375 0.50625 0.0078125 0.0109375
0 0.3953125 0.5109375 0.009375 0.0171875
0 0.303125 0.6765625 0.0109375 0.0078125
