0 0.421875 0.6875 0.0171875 0.021875
0 0.4671875 0.684375 0.0171875 0.021875
0 0.5078125 0.6828125 0.01875 0.0234375
0 0.4921875 0.65 0.0140625 0.01875
0 0.4671875 0.6546875 0.0203125 0.025
0 0.4203125 0.653125 0.0234375 0.0375
0 0.4375 0.6328125 0.0171875 0.021875
0 0.4796875 0.6296875 0.015625 0.0203125
0 0.4578125 0.615625 0.0171875 0.01875
0 0.384375 0.6265625 0.021875 0.0296875
0 0.1296875 0.9015625 0.0265625 0.015625
0 0.2203125 0.8265625 0.0125 0.01875
0 0.121875 0.85625 0.021875 0.015625
0 0.1203125 0.846875 0.028125 0.0140625
0 0.1203125 0.8390625 0.025 0.0125
0 0.11875 0.83125 0.0265625 0.0140625
