0 0.1375 0.8890625 0.0234375 0.0203125
0 0.128125 0.8453125 0.025 0.0140625
0 0.128125 0.8375 0.025 0.0125
0 0.1265625 0.83125 0.021875 0.0078125
0 0.121875 0.8234375 0.0265625 0.0125
0 0.221875 0.81875 0.0109375 0.01875
0 0.421875 0.6796875 0.0203125 0.021875
0 0.4671875 0.6765625 0.0171875 0.0203125
0 0.50625 0.675 0.0171875 0.0171875
0 0.490625 0.646875 0.015625 0.0203125
0 0.4640625 0.6484375 0.0203125 0.0234375
0 0.41875 0.6453125 0.021875 0.0359375
0 0.4359375 0.6296875 0.0171875 0.0203125
0 0.478125 0.6265625 0.0125 0.0171875
0 0.4578125 0.6125 0.0171875 0.01875
0 0.3828125 0.6234375 0.0203125 0.028125
