0 0.146875 0.875 0.0203125 0.0171875
0 0.1375 0.83125 0.025 0.0140625
0 0.1359375 0.825 0.0234375 0.0109375
0 0.134375 0.8171875 0.021875 0.0078125
0 0.13125 0.809375 0.025 0.0109375
0 0.228125 0.80625 0.0109375 0.015625
0 0.421875 0.6734375 0.01875 0.01875
0 0.4640625 0.6703125 0.0171875 0.01875
0 0.5046875 0.66875 0.0171875 0.0203125
0 0.4890625 0.6390625 0.015625 0.0203125
0 0.4625 0.64375 0.0203125 0.0234375
0 0.41875 0.6390625 0.021875 0.0359375
0 0.4359375 0.6234375 0.015625 0.0203125
0 0.475 0.6203125 0.0140625 0.0171875
0 0.45625 0.60625 0.0171875 0.0203125
0 0.3828125 0.61875 0.0203125 0.03125
