0 0.15625 0.853125 0.0234375 0.015625
0 0.1484375 0.8140625 0.025 0.0140625
0 0.146875 0.8078125 0.0234375 0.0125
0 0.14375 0.8 0.0203125 0.0078125
0 0.1421875 0.790625 0.0234375 0.0125
0 0.234375 0.7875 0.0171875 0.0203125
0 0.4203125 0.6625 0.0171875 0.0203125
0 0.4625 0.659375 0.0171875 0.0171875
0 0.5 0.659375 0.0171875 0.01875
0 0.4859375 0.63125 0.0140625 0.0203125
0 0.4609375 0.634375 0.0203125 0.0203125
0 0.4171875 0.63125 0.0203125 0.0359375
0 0.434375 0.615625 0.0140625 0.0203125
0 0.4734375 0.6125 0.0140625 0.0171875
0 0.4546875 0.6 0.015625 0.01875
0 0.384375 0.6109375 0.0203125 0.0296875
