0 0.2703125 0.6390625 0.0125 0.009375
0 0.2640625 0.621875 0.0125 0.009375
0 0.2609375 0.6125 0.0125 0.0078125
0 0.3109375 0.609375 0.00625 0.0078125
0 0.415625 0.5515625 0.009375 0.009375
0 0.4421875 0.546875 0.00625 0.0078125
0 0.4625 0.546875 0.0078125 0.0078125
0 0.45625 0.5328125 0.00625 0.0109375
0 0.440625 0.534375 0.009375 0.0140625
0 0.4140625 0.5328125 0.0125 0.0171875
0 0.425 0.5234375 0.009375 0.0078125
0 0.4484375 0.5234375 0.009375 0.009375
0 0.4375 0.515625 0.009375 0.009375
0 0.39375 0.5203125 0.0109375 0.0203125
0 0.2953125 0.7015625 0.0125 0.009375
