0 0.165625 0.83125 0.0265625 0.0171875
0 0.1578125 0.79375 0.021875 0.0109375
0 0.1578125 0.7875 0.021875 0.009375
0 0.1546875 0.78125 0.021875 0.0078125
0 0.153125 0.775 0.021875 0.0109375
0 0.240625 0.771875 0.0125 0.01875
0 0.41875 0.653125 0.0171875 0.0203125
0 0.459375 0.65 0.0171875 0.0171875
0 0.496875 0.65 0.0171875 0.01875
0 0.4828125 0.621875 0.0140625 0.0203125
0 0.459375 0.625 0.01875 0.021875
0 0.4171875 0.6234375 0.021875 0.034375
0 0.4328125 0.6078125 0.0140625 0.01875
0 0.4703125 0.603125 0.0140625 0.0171875
0 0.453125 0.5921875 0.015625 0.01875
0 0.384375 0.603125 0.0203125 0.028125
0 0.1984375 0.9734375 0.025 0.015625
