0 0.43125 0.7421875 0.01875 0.025
0 0.484375 0.740625 0.0171875 0.025
0 0.5359375 0.7375 0.01875 0.01875
0 0.5140625 0.6953125 0.01875 0.0234375
0 0.4828125 0.703125 0.01875 0.03125
0 0.4265625 0.7 0.0234375 0.0421875
0 0.4484375 0.6765625 0.0171875 0.0234375
0 0.4984375 0.671875 0.01875 0.021875
0 0.4734375 0.653125 0.0171875 0.0234375
0 0.3859375 0.66875 0.01875 0.0359375
0 0.178125 0.9296875 0.01875 0.021875
0 0.053125 0.971875 0.0296875 0.0171875
0 0.053125 0.9609375 0.03125 0.0140625
0 0.0515625 0.9484375 0.03125 0.0171875
0 0.046875 0.9375 0.0296875 0.015625
