0 0.4265625 0.7125 0.021875 0.028125
0 0.4765625 0.7109375 0.01875 0.0234375
0 0.51875 0.709375 0.01875 0.0234375
0 0.503125 0.671875 0.01875 0.021875
0 0.475 0.6796875 0.021875 0.03125
0 0.425 0.6765625 0.028125 0.0375
0 0.44375 0.653125 0.01875 0.0234375
0 0.4859375 0.65 0.0171875 0.0203125
0 0.465625 0.6328125 0.01875 0.0234375
0 0.384375 0.646875 0.025 0.0390625
0 0.1984375 0.8765625 0.0140625 0.01875
0 0.0890625 0.9125 0.028125 0.0125
0 0.0890625 0.9 0.028125 0.0140625
0 0.0859375 0.890625 0.01875 0.0140625
0 0.084375 0.88125 0.028125 0.0125
0 0.096875 0.965625 0.0296875 0.0203125
