0 0.4265625 0.734375 0.0171875 0.025
0 0.48125 0.7296875 0.0203125 0.0234375
0 0.528125 0.728125 0.021875 0.0265625
0 0.509375 0.6875 0.01875 0.021875
0 0.478125 0.6953125 0.0234375 0.03125
0 0.4265625 0.690625 0.025 0.0390625
0 0.4453125 0.6671875 0.015625 0.0234375
0 0.49375 0.6640625 0.01875 0.0234375
0 0.471875 0.6453125 0.015625 0.0234375
0 0.384375 0.6578125 0.0203125 0.0328125
0 0.1828125 0.9078125 0.0171875 0.0203125
0 0.065625 0.9515625 0.0296875 0.01875
0 0.065625 0.9390625 0.0296875 0.0140625
0 0.0640625 0.9296875 0.0296875 0.015625
0 0.0609375 0.9171875 0.028125 0.015625
