0 0.2640625 0.7140625 0.009375 0.0125
0 0.2015625 0.7625 0.0171875 0.0109375
0 0.19375 0.7328125 0.01875 0.009375
0 0.1921875 0.7265625 0.01875 0.009375
0 0.1890625 0.721875 0.0171875 0.0078125
0 0.1890625 0.7140625 0.01875 0.0078125
0 0.4171875 0.615625 0.0140625 0.01875
0 0.4546875 0.6125 0.0125 0.0125
0 0.4859375 0.6109375 0.0125 0.0140625
0 0.23125 0.8734375 0.01875 0.0125
0 0.471875 0.5890625 0.0109375 0.0125
0 0.453125 0.59375 0.0125 0.015625
0 0.415625 0.5875 0.015625 0.028125
0 0.4625 0.5734375 0.0109375 0.0125
0 0.446875 0.5609375 0.0109375 0.0109375
0 0.3859375 0.5703125 0.0109375 0.0234375
0 0.4296875 0.5765625 0.0140625 0.0125
