0 0.425 0.7109375 0.0203125 0.025
0 0.475 0.7078125 0.0171875 0.021875
0 0.51875 0.7078125 0.01875 0.0234375
0 0.5015625 0.671875 0.0171875 0.021875
0 0.471875 0.6765625 0.0203125 0.0265625
0 0.421875 0.6765625 0.0265625 0.040625
0 0.4421875 0.6546875 0.01875 0.021875
0 0.4875 0.65 0.01875 0.0203125
0 0.465625 0.6328125 0.01875 0.0234375
0 0.3828125 0.646875 0.0234375 0.034375
0 0.0984375 0.9625 0.0296875 0.0203125
0 0.2 0.871875 0.0140625 0.0203125
0 0.0921875 0.909375 0.03125 0.015625
0 0.0890625 0.896875 0.0296875 0.0125
0 0.0890625 0.8890625 0.0296875 0.0125
0 0.0875 0.88125 0.028125 0.0125
