0 0.428125 0.725 0.021875 0.0265625
0 0.4796875 0.7234375 0.0203125 0.025
0 0.525 0.721875 0.0203125 0.0234375
0 0.5078125 0.68125 0.01875 0.0203125
0 0.4765625 0.6890625 0.0234375 0.03125
0 0.425 0.6859375 0.0296875 0.040625
0 0.4453125 0.6625 0.0171875 0.0234375
0 0.490625 0.659375 0.01875 0.0234375
0 0.4671875 0.640625 0.0203125 0.0234375
0 0.384375 0.65625 0.025 0.0375
0 0.190625 0.89375 0.015625 0.01875
0 0.0828125 0.990625 0.0296875 0.01875
0 0.075 0.9375 0.028125 0.015625
0 0.075 0.925 0.028125 0.015625
0 0.0734375 0.915625 0.028125 0.015625
0 0.0703125 0.903125 0.028125 0.015625
