0 0.1734375 0.81875 0.0203125 0.0125
0 0.1640625 0.7828125 0.0203125 0.0125
0 0.1640625 0.775 0.0203125 0.0109375
0 0.1609375 0.7703125 0.0203125 0.0078125
0 0.159375 0.7640625 0.0203125 0.009375
0 0.2453125 0.7578125 0.0109375 0.0171875
0 0.41875 0.6453125 0.0171875 0.0203125
0 0.4578125 0.6421875 0.0171875 0.0171875
0 0.49375 0.6421875 0.0171875 0.01875
0 0.48125 0.615625 0.0140625 0.01875
0 0.4578125 0.6171875 0.01875 0.0234375
0 0.4171875 0.6171875 0.0203125 0.03125
0 0.4328125 0.6015625 0.0140625 0.0171875
0 0.46875 0.596875 0.0140625 0.0171875
0 0.4515625 0.5859375 0.0140625 0.0171875
0 0.3859375 0.5953125 0.01875 0.0265625
0 0.203125 0.9546875 0.025 0.0171875
