0 0.41875 0.6265625 0.015625 0.0171875
0 0.45625 0.625 0.0140625 0.015625
0 0.4890625 0.6234375 0.015625 0.01875
0 0.4765625 0.6 0.0125 0.01875
0 0.4546875 0.6015625 0.0171875 0.0234375
0 0.4171875 0.6 0.021875 0.034375
0 0.43125 0.5875 0.0140625 0.015625
0 0.465625 0.584375 0.0140625 0.01875
0 0.45 0.571875 0.015625 0.0171875
0 0.3859375 0.58125 0.0171875 0.028125
0 0.25625 0.7328125 0.0109375 0.0125
0 0.190625 0.784375 0.0171875 0.0125
0 0.1828125 0.7515625 0.01875 0.0109375
0 0.18125 0.746875 0.01875 0.009375
0 0.178125 0.740625 0.0171875 0.0078125
0 0.178125 0.73125 0.01875 0.009375
0 0.2203125 0.9015625 0.021875 0.015625
