0 0.153125 0.8578125 0.0234375 0.01875
0 0.1453125 0.81875 0.025 0.0125
0 0.14375 0.8109375 0.0234375 0.0109375
0 0.140625 0.803125 0.0203125 0.0078125
0 0.1390625 0.7953125 0.0234375 0.0109375
0 0.2328125 0.7921875 0.0125 0.015625
0 0.421875 0.665625 0.01875 0.0203125
0 0.4625 0.6625 0.0171875 0.0203125
0 0.5015625 0.6625 0.0171875 0.01875
0 0.4875 0.634375 0.015625 0.01875
0 0.4609375 0.6375 0.0203125 0.021875
0 0.41875 0.634375 0.021875 0.034375
0 0.4359375 0.61875 0.015625 0.01875
0 0.4734375 0.615625 0.0140625 0.01875
0 0.45625 0.6015625 0.015625 0.0171875
0 0.384375 0.6125 0.01875 0.03125
