0 0.1578125 0.846875 0.01875 0.0171875
0 0.15 0.8109375 0.025 0.0125
0 0.15 0.803125 0.021875 0.0109375
0 0.1453125 0.7953125 0.0203125 0.0078125
0 0.14375 0.7859375 0.0234375 0.0109375
0 0.234375 0.78125 0.0109375 0.0171875
0 0.4203125 0.6609375 0.0171875 0.0203125
0 0.4625 0.6578125 0.0171875 0.0171875
0 0.5 0.6578125 0.0171875 0.01875
0 0.4859375 0.6296875 0.015625 0.0203125
0 0.4609375 0.63125 0.0203125 0.0234375
0 0.4171875 0.628125 0.0203125 0.0328125
0 0.434375 0.6140625 0.0140625 0.0203125
0 0.4734375 0.6109375 0.0125 0.0171875
0 0.4546875 0.596875 0.015625 0.0171875
0 0.384375 0.609375 0.0203125 0.0296875
