0 0.425 0.703125 0.01875 0.025
0 0.471875 0.7 0.0171875 0.021875
0 0.515625 0.6984375 0.01875 0.0234375
0 0.4984375 0.6640625 0.015625 0.021875
0 0.4703125 0.66875 0.0203125 0.0265625
0 0.4203125 0.6671875 0.0265625 0.0390625
0 0.440625 0.646875 0.01875 0.021875
0 0.484375 0.6421875 0.0171875 0.0203125
0 0.4625 0.6265625 0.0171875 0.0203125
0 0.384375 0.640625 0.021875 0.03125
0 0.1109375 0.9375 0.0265625 0.0171875
0 0.2078125 0.8546875 0.015625 0.0171875
0 0.103125 0.890625 0.028125 0.015625
0 0.1 0.878125 0.0296875 0.0140625
0 0.1 0.8703125 0.028125 0.0140625
0 0.0984375 0.8625 0.028125 0.0140625
