0 0.41875 0.6234375 0.015625 0.0203125
0 0.4546875 0.621875 0.0140625 0.015625
0 0.4875 0.6203125 0.0140625 0.01875
0 0.475 0.5953125 0.0140625 0.0171875
0 0.4546875 0.6 0.0171875 0.021875
0 0.4171875 0.596875 0.01875 0.03125
0 0.43125 0.584375 0.0140625 0.01875
0 0.4640625 0.58125 0.0140625 0.01875
0 0.4484375 0.56875 0.0140625 0.01875
0 0.3859375 0.578125 0.0171875 0.0296875
0 0.2578125 0.7265625 0.0109375 0.0140625
0 0.19375 0.778125 0.0171875 0.0109375
0 0.1859375 0.746875 0.01875 0.009375
0 0.184375 0.740625 0.01875 0.009375
0 0.18125 0.734375 0.0171875 0.0078125
0 0.18125 0.7265625 0.01875 0.009375
0 0.221875 0.89375 0.0234375 0.015625
