0 0.271875 0.6078125 0.0125 0.009375
0 0.2703125 0.6 0.0125 0.009375
0 0.278125 0.625 0.0125 0.0078125
0 0.315625 0.6 0.00625 0.009375
0 0.415625 0.540625 0.009375 0.0109375
0 0.4390625 0.540625 0.0078125 0.0109375
0 0.459375 0.540625 0.0078125 0.0125
0 0.453125 0.5265625 0.0078125 0.0078125
0 0.4390625 0.5265625 0.009375 0.0125
0 0.4234375 0.5171875 0.0078125 0.0109375
0 0.4140625 0.525 0.0125 0.0171875
0 0.4453125 0.515625 0.0078125 0.009375
0 0.4359375 0.509375 0.0078125 0.0125
0 0.3953125 0.5140625 0.0125 0.01875
0 0.3015625 0.68125 0.0109375 0.0109375
