0 0.43125 0.7546875 0.01875 0.0265625
0 0.4890625 0.75 0.021875 0.025
0 0.5375 0.75 0.0234375 0.025
0 0.51875 0.70625 0.01875 0.0234375
0 0.4859375 0.7109375 0.021875 0.0328125
0 0.428125 0.7109375 0.03125 0.0453125
0 0.45 0.684375 0.0171875 0.0234375
0 0.5015625 0.68125 0.021875 0.0265625
0 0.4765625 0.6609375 0.01875 0.025
0 0.3859375 0.675 0.021875 0.034375
0 0.16875 0.9515625 0.0171875 0.025
0 0.040625 0.984375 0.03125 0.015625
0 0.0375 0.9703125 0.0328125 0.0171875
0 0.034375 0.9578125 0.0296875 0.015625
