0 0.425 0.6984375 0.01875 0.0234375
0 0.4703125 0.69375 0.0171875 0.021875
0 0.5125 0.6921875 0.01875 0.0234375
0 0.496875 0.659375 0.015625 0.01875
0 0.46875 0.665625 0.0203125 0.028125
0 0.4203125 0.6625 0.0265625 0.0375
0 0.4390625 0.6421875 0.0171875 0.0203125
0 0.4828125 0.6390625 0.0171875 0.021875
0 0.4609375 0.6234375 0.0171875 0.021875
0 0.384375 0.6359375 0.021875 0.03125
0 0.1171875 0.925 0.0265625 0.01875
0 0.2109375 0.8453125 0.0140625 0.0171875
0 0.109375 0.8796875 0.025 0.015625
0 0.10625 0.86875 0.0296875 0.0140625
0 0.10625 0.8609375 0.0265625 0.0125
0 0.1046875 0.853125 0.0265625 0.0140625
