0 0.4265625 0.7328125 0.0171875 0.025
0 0.48125 0.728125 0.0171875 0.0203125
0 0.5296875 0.7265625 0.01875 0.0171875
0 0.509375 0.6875 0.015625 0.021875
0 0.4796875 0.6921875 0.0234375 0.0265625
0 0.425 0.6921875 0.0234375 0.0375
0 0.446875 0.66875 0.0171875 0.0234375
0 0.49375 0.6640625 0.01875 0.021875
0 0.471875 0.646875 0.015625 0.021875
0 0.3859375 0.659375 0.021875 0.0328125
0 0.184375 0.9109375 0.015625 0.0203125
0 0.0640625 0.953125 0.0296875 0.0171875
0 0.0640625 0.940625 0.0296875 0.0140625
0 0.0625 0.93125 0.0296875 0.015625
0 0.059375 0.91875 0.028125 0.015625
