0 0.428125 0.7328125 0.0203125 0.0234375
0 0.4828125 0.7328125 0.01875 0.021875
0 0.53125 0.7296875 0.01875 0.01875
0 0.5109375 0.690625 0.01875 0.0234375
0 0.48125 0.69375 0.0203125 0.0265625
0 0.4265625 0.69375 0.0296875 0.0390625
0 0.4453125 0.6703125 0.0203125 0.021875
0 0.4953125 0.665625 0.0171875 0.01875
0 0.471875 0.646875 0.0140625 0.0234375
0 0.384375 0.665625 0.021875 0.0296875
0 0.1828125 0.9140625 0.01875 0.0234375
0 0.0609375 0.959375 0.0296875 0.01875
0 0.0609375 0.946875 0.0296875 0.015625
0 0.059375 0.9359375 0.0296875 0.01875
0 0.05625 0.9234375 0.0296875 0.0140625
