0 0.1796875 0.80625 0.021875 0.015625
0 0.1703125 0.771875 0.0203125 0.0109375
0 0.171875 0.765625 0.01875 0.009375
0 0.16875 0.7609375 0.01875 0.0078125
0 0.1671875 0.7546875 0.01875 0.009375
0 0.2484375 0.75 0.0109375 0.0140625
0 0.41875 0.6390625 0.015625 0.0203125
0 0.45625 0.6359375 0.0171875 0.0171875
0 0.4921875 0.6359375 0.0171875 0.01875
0 0.4796875 0.609375 0.0140625 0.0171875
0 0.45625 0.6109375 0.0203125 0.0203125
0 0.415625 0.6109375 0.0203125 0.0296875
0 0.4328125 0.5953125 0.0125 0.0171875
0 0.4671875 0.5921875 0.0140625 0.01875
0 0.45 0.58125 0.0140625 0.015625
0 0.3859375 0.5921875 0.01875 0.028125
0 0.2109375 0.9328125 0.0234375 0.0171875
