0 0.4171875 0.559375 0.009375 0.009375
0 0.4453125 0.5546875 0.009375 0.009375
0 0.4671875 0.55625 0.0078125 0.0109375
0 0.459375 0.540625 0.0078125 0.0125
0 0.44375 0.540625 0.0109375 0.0140625
0 0.4265625 0.53125 0.0078125 0.009375
0 0.4140625 0.540625 0.0140625 0.01875
0 0.4515625 0.5296875 0.0109375 0.0125
0 0.440625 0.5203125 0.009375 0.0109375
0 0.3953125 0.5265625 0.0125 0.01875
0 0.3046875 0.6234375 0.0078125 0.0109375
0 0.2625 0.6546875 0.0140625 0.009375
0 0.2546875 0.634375 0.0140625 0.0125
0 0.2515625 0.6234375 0.0140625 0.009375
0 0.2890625 0.7234375 0.015625 0.0078125
