0 0.2765625 0.603125 0.0125 0.0109375
0 0.2734375 0.5953125 0.0125 0.0109375
0 0.2828125 0.6203125 0.0125 0.0078125
0 0.31875 0.59375 0.0046875 0.009375
0 0.4140625 0.5375 0.009375 0.009375
0 0.4375 0.5359375 0.0078125 0.009375
0 0.4578125 0.5359375 0.0078125 0.009375
0 0.4515625 0.521875 0.0078125 0.0078125
0 0.4375 0.521875 0.009375 0.0109375
0 0.421875 0.5140625 0.0078125 0.009375
0 0.4125 0.521875 0.0125 0.01875
0 0.44375 0.5125 0.0078125 0.009375
0 0.434375 0.5046875 0.0078125 0.0109375
0 0.3953125 0.509375 0.009375 0.0171875
0 0.3046875 0.675 0.0109375 0.0078125
