0 0.425 0.6984375 0.01875 0.0234375
0 0.4703125 0.69375 0.0171875 0.021875
0 0.5140625 0.69375 0.01875 0.0234375
0 0.496875 0.6609375 0.015625 0.021875
0 0.46875 0.665625 0.0203125 0.028125
0 0.4203125 0.6625 0.0265625 0.0390625
0 0.440625 0.6421875 0.01875 0.0203125
0 0.4828125 0.6390625 0.0171875 0.0203125
0 0.4609375 0.6234375 0.0171875 0.0203125
0 0.384375 0.6359375 0.021875 0.03125
0 0.1171875 0.928125 0.0265625 0.0125
0 0.2109375 0.846875 0.0140625 0.0171875
0 0.1078125 0.8828125 0.0265625 0.015625
0 0.10625 0.8703125 0.028125 0.0140625
0 0.10625 0.8625 0.028125 0.0125
0 0.1046875 0.8546875 0.028125 0.0140625
