0 0.43125 0.7453125 0.021875 0.0234375
0 0.484375 0.7421875 0.0171875 0.0234375
0 0.534375 0.7390625 0.0171875 0.0203125
0 0.515625 0.7 0.01875 0.021875
0 0.4828125 0.7046875 0.0234375 0.0296875
0 0.428125 0.703125 0.0265625 0.040625
0 0.4484375 0.678125 0.0171875 0.0234375
0 0.4984375 0.675 0.0171875 0.0234375
0 0.4734375 0.6546875 0.0140625 0.0234375
0 0.3859375 0.6703125 0.0203125 0.034375
0 0.1765625 0.9359375 0.01875 0.0234375
0 0.05 0.9796875 0.03125 0.01875
0 0.0484375 0.96875 0.0296875 0.015625
0 0.046875 0.95625 0.03125 0.015625
0 0.04375 0.9453125 0.028125 0.015625
