0 0.41875 0.63125 0.0171875 0.01875
0 0.45625 0.628125 0.0140625 0.015625
0 0.490625 0.6265625 0.015625 0.0171875
0 0.4765625 0.603125 0.0140625 0.01875
0 0.45625 0.60625 0.0171875 0.0234375
0 0.4171875 0.603125 0.021875 0.0328125
0 0.4328125 0.5890625 0.0140625 0.0171875
0 0.465625 0.5875 0.0140625 0.01875
0 0.45 0.5734375 0.0140625 0.0171875
0 0.3859375 0.584375 0.01875 0.028125
0 0.2546875 0.7359375 0.0109375 0.0140625
0 0.1875 0.790625 0.0171875 0.0125
0 0.1796875 0.7578125 0.01875 0.009375
0 0.178125 0.7515625 0.0203125 0.0109375
0 0.1765625 0.7453125 0.01875 0.0078125
0 0.175 0.7359375 0.01875 0.0109375
0 0.2171875 0.9140625 0.0234375 0.015625
