0 0.4296875 0.740625 0.021875 0.028125
0 0.484375 0.7359375 0.0203125 0.0265625
0 0.53125 0.734375 0.021875 0.0234375
0 0.5125 0.69375 0.01875 0.021875
0 0.48125 0.7015625 0.025 0.034375
0 0.428125 0.696875 0.025 0.0421875
0 0.446875 0.671875 0.0171875 0.0234375
0 0.4953125 0.6703125 0.0203125 0.025
0 0.4703125 0.6515625 0.0203125 0.0234375
0 0.3859375 0.665625 0.021875 0.0359375
0 0.1796875 0.921875 0.01875 0.0234375
0 0.0578125 0.9640625 0.03125 0.0171875
0 0.05625 0.953125 0.0296875 0.0140625
0 0.0546875 0.9421875 0.0296875 0.015625
0 0.0515625 0.93125 0.0296875 0.015625
