0 0.18125 0.8046875 0.021875 0.015625
0 0.171875 0.76875 0.0203125 0.0125
0 0.1734375 0.7625 0.01875 0.0078125
0 0.1703125 0.75625 0.01875 0.0078125
0 0.16875 0.75 0.01875 0.009375
0 0.2515625 0.7484375 0.0125 0.0125
0 0.41875 0.6375 0.015625 0.0203125
0 0.45625 0.634375 0.0171875 0.0171875
0 0.490625 0.634375 0.0171875 0.01875
0 0.478125 0.609375 0.0140625 0.0171875
0 0.45625 0.6109375 0.01875 0.0203125
0 0.415625 0.6109375 0.0203125 0.03125
0 0.4328125 0.5953125 0.0125 0.0171875
0 0.4671875 0.5921875 0.0125 0.01875
0 0.45 0.58125 0.0140625 0.015625
0 0.3859375 0.590625 0.01875 0.0265625
0 0.2109375 0.9328125 0.0234375 0.0171875
