0 0.425 0.7 0.01875 0.0234375
0 0.4703125 0.6953125 0.0171875 0.021875
0 0.5140625 0.69375 0.01875 0.0234375
0 0.4984375 0.6609375 0.015625 0.0203125
0 0.46875 0.665625 0.0203125 0.0265625
0 0.4203125 0.6640625 0.0265625 0.0375
0 0.440625 0.64375 0.01875 0.0234375
0 0.4828125 0.640625 0.0171875 0.021875
0 0.4625 0.625 0.01875 0.021875
0 0.384375 0.6359375 0.021875 0.0328125
0 0.115625 0.9296875 0.0265625 0.015625
0 0.2109375 0.85 0.0125 0.01875
0 0.10625 0.8828125 0.0265625 0.015625
0 0.1046875 0.871875 0.028125 0.0109375
0 0.1046875 0.8640625 0.028125 0.0109375
0 0.103125 0.85625 0.0265625 0.0109375
