0 0.4171875 0.5625 0.0078125 0.009375
0 0.4453125 0.5609375 0.009375 0.009375
0 0.46875 0.5609375 0.0078125 0.009375
0 0.4609375 0.54375 0.009375 0.009375
0 0.44375 0.54375 0.0109375 0.015625
0 0.4265625 0.5328125 0.0078125 0.0109375
0 0.415625 0.5453125 0.0140625 0.021875
0 0.453125 0.5328125 0.009375 0.0125
0 0.4421875 0.5234375 0.009375 0.0140625
0 0.3953125 0.5296875 0.0109375 0.01875
0 0.303125 0.63125 0.0078125 0.009375
0 0.259375 0.6625 0.0140625 0.009375
0 0.2515625 0.6421875 0.0125 0.0125
0 0.246875 0.63125 0.0140625 0.009375
0 0.2859375 0.7328125 0.0125 0.009375
0 0.284375 0.7328125 0.0140625 0.0109375
