0 0.428125 0.7203125 0.021875 0.028125
0 0.478125 0.7171875 0.01875 0.0234375
0 0.521875 0.715625 0.01875 0.0234375
0 0.5046875 0.6765625 0.01875 0.021875
0 0.4765625 0.6828125 0.021875 0.0296875
0 0.425 0.6796875 0.028125 0.0390625
0 0.4453125 0.65625 0.01875 0.0234375
0 0.4875 0.6546875 0.0171875 0.021875
0 0.465625 0.6375 0.0203125 0.0234375
0 0.384375 0.653125 0.025 0.0375
0 0.1953125 0.8859375 0.0125 0.01875
0 0.0890625 0.9765625 0.03125 0.021875
0 0.08125 0.9234375 0.0296875 0.0140625
0 0.08125 0.9125 0.0296875 0.0125
0 0.08125 0.903125 0.028125 0.015625
0 0.0765625 0.8921875 0.028125 0.0140625
