0 0.428125 0.7203125 0.021875 0.028125
0 0.478125 0.7171875 0.0203125 0.0234375
0 0.521875 0.715625 0.0203125 0.0234375
0 0.5046875 0.678125 0.0203125 0.021875
0 0.4765625 0.684375 0.021875 0.03125
0 0.425 0.68125 0.028125 0.0421875
0 0.4453125 0.659375 0.01875 0.0234375
0 0.4890625 0.6546875 0.01875 0.0234375
0 0.4671875 0.6390625 0.01875 0.025
0 0.384375 0.653125 0.025 0.0390625
0 0.1921875 0.8875 0.0171875 0.0203125
0 0.0875 0.978125 0.03125 0.0203125
0 0.0796875 0.9265625 0.0296875 0.015625
0 0.0796875 0.9140625 0.0296875 0.0140625
0 0.0796875 0.90625 0.028125 0.015625
0 0.075 0.89375 0.0296875 0.0140625
