0 0.2703125 0.6109375 0.0125 0.0109375
0 0.2671875 0.603125 0.0125 0.0109375
0 0.2765625 0.6296875 0.0125 0.0078125
0 0.3140625 0.603125 0.0078125 0.0125
0 0.415625 0.54375 0.009375 0.009375
0 0.4390625 0.54375 0.0078125 0.009375
0 0.4609375 0.5421875 0.009375 0.0125
0 0.453125 0.5265625 0.0078125 0.0078125
0 0.4390625 0.528125 0.0078125 0.0109375
0 0.4234375 0.5171875 0.0078125 0.0109375
0 0.4140625 0.5265625 0.0125 0.0171875
0 0.446875 0.5171875 0.0078125 0.0109375
0 0.4359375 0.509375 0.0078125 0.0125
0 0.3953125 0.5140625 0.0125 0.01875
0 0.3 0.6875 0.0109375 0.009375
