0 0.171875 0.8203125 0.0234375 0.0171875
0 0.1640625 0.784375 0.021875 0.0125
0 0.1640625 0.778125 0.021875 0.009375
0 0.1609375 0.771875 0.0203125 0.0078125
0 0.159375 0.765625 0.0203125 0.009375
0 0.2453125 0.7609375 0.009375 0.0125
0 0.41875 0.646875 0.0171875 0.021875
0 0.459375 0.64375 0.0171875 0.01875
0 0.49375 0.6421875 0.0171875 0.0171875
0 0.48125 0.6171875 0.0140625 0.0171875
0 0.4578125 0.61875 0.0203125 0.0203125
0 0.4171875 0.6171875 0.021875 0.0328125
0 0.4328125 0.6015625 0.0140625 0.0171875
0 0.4703125 0.596875 0.0125 0.0171875
0 0.4515625 0.5875 0.0140625 0.015625
0 0.3859375 0.596875 0.01875 0.0296875
0 0.2046875 0.9546875 0.0234375 0.0171875
