0 0.41875 0.584375 0.009375 0.0109375
0 0.45 0.5828125 0.009375 0.009375
0 0.4765625 0.5828125 0.0109375 0.009375
0 0.4671875 0.5640625 0.009375 0.0125
0 0.4484375 0.565625 0.0125 0.015625
0 0.4296875 0.5515625 0.009375 0.0109375
0 0.4171875 0.5625 0.015625 0.0234375
0 0.4578125 0.55 0.009375 0.0140625
0 0.4453125 0.540625 0.009375 0.0140625
0 0.390625 0.546875 0.0140625 0.021875
0 0.2875 0.665625 0.0078125 0.0109375
0 0.2359375 0.7046875 0.015625 0.0125
0 0.2265625 0.6796875 0.0140625 0.009375
0 0.225 0.671875 0.0140625 0.00625
0 0.2234375 0.6640625 0.015625 0.0078125
0 0.2625 0.7890625 0.0171875 0.0140625
