0 0.275 0.6328125 0.0125 0.009375
0 0.26875 0.6140625 0.0125 0.009375
0 0.2640625 0.60625 0.0109375 0.009375
0 0.3140625 0.6046875 0.00625 0.0078125
0 0.4140625 0.5453125 0.0078125 0.0078125
0 0.440625 0.54375 0.00625 0.0078125
0 0.4609375 0.54375 0.0078125 0.0078125
0 0.4546875 0.5296875 0.00625 0.009375
0 0.440625 0.53125 0.009375 0.0140625
0 0.4140625 0.5296875 0.0125 0.01875
0 0.4234375 0.5203125 0.009375 0.0078125
0 0.446875 0.5203125 0.009375 0.009375
0 0.4359375 0.5125 0.0078125 0.009375
0 0.39375 0.5171875 0.0109375 0.0171875
0 0.2984375 0.6921875 0.0109375 0.009375
