0 0.425 0.7 0.01875 0.0234375
0 0.471875 0.6953125 0.0171875 0.021875
0 0.5140625 0.6953125 0.01875 0.0234375
0 0.4984375 0.6609375 0.015625 0.0203125
0 0.4703125 0.6671875 0.0203125 0.028125
0 0.4203125 0.6640625 0.0265625 0.0390625
0 0.440625 0.6453125 0.01875 0.021875
0 0.4828125 0.640625 0.0171875 0.021875
0 0.4625 0.625 0.01875 0.021875
0 0.384375 0.6375 0.021875 0.03125
0 0.115625 0.9328125 0.025 0.01875
0 0.209375 0.85 0.0140625 0.0203125
0 0.1046875 0.884375 0.0265625 0.015625
0 0.103125 0.8734375 0.0296875 0.0125
0 0.103125 0.865625 0.0265625 0.0125
0 0.1015625 0.8578125 0.0265625 0.0125
