0 0.4171875 0.61875 0.0140625 0.0171875
0 0.4546875 0.6171875 0.0109375 0.0140625
0 0.4875 0.6140625 0.0125 0.0203125
0 0.4734375 0.590625 0.0109375 0.0203125
0 0.453125 0.59375 0.0140625 0.0234375
0 0.415625 0.5921875 0.0140625 0.034375
0 0.43125 0.5796875 0.009375 0.015625
0 0.4625 0.5765625 0.0109375 0.0203125
0 0.446875 0.565625 0.0109375 0.015625
0 0.3875 0.575 0.0125 0.0234375
0 0.2609375 0.7203125 0.0109375 0.0125
0 0.1984375 0.76875 0.01875 0.0125
0 0.1890625 0.7390625 0.01875 0.009375
0 0.1890625 0.7328125 0.01875 0.009375
0 0.1859375 0.7265625 0.0171875 0.0078125
0 0.184375 0.71875 0.01875 0.0078125
0 0.225 0.8828125 0.0203125 0.0140625
