0 0.2640625 0.7125 0.009375 0.0125
0 0.203125 0.7609375 0.01875 0.0125
0 0.19375 0.7328125 0.01875 0.009375
0 0.1921875 0.7265625 0.0171875 0.009375
0 0.190625 0.71875 0.015625 0.0078125
0 0.1890625 0.7140625 0.01875 0.0078125
0 0.4171875 0.615625 0.0140625 0.01875
0 0.4546875 0.6125 0.0125 0.0125
0 0.484375 0.6109375 0.0125 0.015625
0 0.4734375 0.5875 0.009375 0.0109375
0 0.4515625 0.590625 0.0140625 0.0203125
0 0.4140625 0.5875 0.0171875 0.0265625
0 0.4296875 0.575 0.009375 0.0109375
0 0.4625 0.5734375 0.0109375 0.0140625
0 0.446875 0.5625 0.0125 0.0140625
0 0.3875 0.5703125 0.015625 0.0234375
0 0.2328125 0.871875 0.021875 0.015625
