0 0.4328125 0.7609375 0.021875 0.03125
0 0.490625 0.7546875 0.0234375 0.0265625
0 0.540625 0.753125 0.0234375 0.0234375
0 0.5203125 0.709375 0.01875 0.0234375
0 0.4875 0.7140625 0.021875 0.0296875
0 0.4296875 0.7140625 0.0265625 0.04375
0 0.45 0.6875 0.0171875 0.0234375
0 0.5015625 0.684375 0.0171875 0.0203125
0 0.478125 0.6625 0.0171875 0.0234375
0 0.3859375 0.678125 0.021875 0.0359375
0 0.1640625 0.9609375 0.015625 0.0234375
0 0.03125 0.9796875 0.0328125 0.015625
0 0.0296875 0.96875 0.0296875 0.015625
