0 0.47578125 0.572265625 0.0140625 0.01953125
0 0.52421875 0.572265625 0.0140625 0.01953125
0 0.5671875 0.5712890625 0.015625 0.017578125
0 0.55703125 0.537109375 0.0109375 0.015625
0 0.528125 0.5400390625 0.015625 0.025390625
0 0.47890625 0.5361328125 0.0203125 0.037109375
0 0.5015625 0.5166015625 0.0125 0.013671875
0 0.546875 0.515625 0.0125 0.015625
0 0.52890625 0.4990234375 0.0140625 0.017578125
0 0.47265625 0.4921875 0.0359375 0.01953125
0 0.4453125 0.5087890625 0.015625 0.029296875
0 0.128125 0.7138671875 0.021875 0.009765625
0 0.1296875 0.7216796875 0.021875 0.009765625
0 0.1296875 0.7314453125 0.021875 0.009765625
0 0.128125 0.7412109375 0.021875 0.009765625
0 0.1265625 0.7900390625 0.028125 0.021484375
0 0.234375 0.7138671875 0.0125 0.017578125
0 0.12265625 0.982421875 0.0328125 0.015625
