0 0.47421875 0.5322265625 0.0140625 0.017578125
0 0.515625 0.5302734375 0.0125 0.017578125
0 0.5546875 0.5302734375 0.0125 0.017578125
0 0.54609375 0.501953125 0.0109375 0.015625
0 0.5203125 0.5048828125 0.015625 0.021484375
0 0.4765625 0.5 0.015625 0.03125
0 0.49765625 0.4853515625 0.0109375 0.013671875
0 0.53671875 0.4833984375 0.0109375 0.013671875
0 0.52109375 0.4697265625 0.0109375 0.013671875
0 0.47109375 0.4619140625 0.0296875 0.017578125
0 0.446875 0.4775390625 0.015625 0.025390625
0 0.17734375 0.6455078125 0.0203125 0.005859375
0 0.17890625 0.6533203125 0.0203125 0.005859375
0 0.17890625 0.66015625 0.0203125 0.0078125
0 0.1765625 0.6689453125 0.021875 0.009765625
0 0.178125 0.7080078125 0.021875 0.013671875
0 0.26796875 0.6484375 0.0109375 0.015625
0 0.17890625 0.8583984375 0.0265625 0.013671875
