0 0.471875 0.50390625 0.0125 0.015625
0 0.5109375 0.501953125 0.0125 0.015625
0 0.5453125 0.5029296875 0.0125 0.013671875
0 0.5390625 0.4765625 0.009375 0.01171875
0 0.5140625 0.4794921875 0.0125 0.021484375
0 0.475 0.474609375 0.015625 0.03125
0 0.49375 0.4609375 0.0125 0.01171875
0 0.53046875 0.4599609375 0.0109375 0.013671875
0 0.51640625 0.4462890625 0.0109375 0.013671875
0 0.46953125 0.4404296875 0.0296875 0.017578125
0 0.44765625 0.4541015625 0.0109375 0.025390625
0 0.203125 0.603515625 0.01875 0.0078125
0 0.2046875 0.6103515625 0.01875 0.005859375
0 0.2046875 0.6171875 0.015625 0.00390625
0 0.2046875 0.6240234375 0.015625 0.005859375
0 0.20625 0.658203125 0.01875 0.01171875
0 0.2125 0.783203125 0.01875 0.01171875
0 0.284375 0.60546875 0.009375 0.015625
