0 0.4765625 0.58203125 0.015625 0.01953125
0 0.52578125 0.580078125 0.0140625 0.01953125
0 0.5703125 0.580078125 0.015625 0.015625
0 0.559375 0.544921875 0.0125 0.015625
0 0.5296875 0.5478515625 0.015625 0.025390625
0 0.4796875 0.544921875 0.021875 0.0390625
0 0.503125 0.5234375 0.0125 0.015625
0 0.5484375 0.5224609375 0.0125 0.017578125
0 0.53046875 0.5048828125 0.0140625 0.017578125
0 0.47265625 0.4970703125 0.0359375 0.021484375
0 0.44453125 0.5146484375 0.0171875 0.029296875
0 0.11640625 0.7294921875 0.0234375 0.009765625
0 0.11796875 0.7373046875 0.0234375 0.009765625
0 0.11796875 0.7470703125 0.0234375 0.009765625
0 0.11640625 0.7587890625 0.0234375 0.009765625
0 0.1140625 0.8095703125 0.028125 0.021484375
0 0.2265625 0.7294921875 0.0125 0.017578125
