0 0.4796875 0.6669921875 0.01875 0.025390625
0 0.54375 0.6650390625 0.015625 0.025390625
0 0.6 0.6650390625 0.01875 0.021484375
0 0.58515625 0.6162109375 0.0171875 0.021484375
0 0.54765625 0.62109375 0.0234375 0.03125
0 0.48359375 0.6162109375 0.0234375 0.048828125
0 0.51484375 0.5888671875 0.0140625 0.021484375
0 0.571875 0.5869140625 0.01875 0.025390625
0 0.546875 0.564453125 0.015625 0.01953125
0 0.47578125 0.5537109375 0.0453125 0.025390625
0 0.44140625 0.576171875 0.0203125 0.0390625
0 0.1453125 0.884765625 0.01875 0.02734375
