0 0.47890625 0.6552734375 0.0171875 0.025390625
0 0.540625 0.6533203125 0.015625 0.025390625
0 0.5953125 0.6533203125 0.01875 0.021484375
0 0.58125 0.6064453125 0.015625 0.021484375
0 0.5453125 0.611328125 0.021875 0.03125
0 0.48203125 0.60546875 0.0234375 0.046875
0 0.51328125 0.580078125 0.0140625 0.01953125
0 0.56875 0.578125 0.01875 0.0234375
0 0.54453125 0.556640625 0.0140625 0.01953125
0 0.47578125 0.5458984375 0.0421875 0.025390625
0 0.44296875 0.5673828125 0.0203125 0.037109375
0 0.16015625 0.8583984375 0.0171875 0.025390625
0 0.01875 0.857421875 0.03125 0.01171875
0 0.0171875 0.8701171875 0.03125 0.013671875
0 0.01796875 0.8837890625 0.0296875 0.009765625
0 0.015625 0.8984375 0.028125 0.015625
