0 0.47890625 0.64453125 0.0171875 0.0234375
0 0.5390625 0.642578125 0.015625 0.0234375
0 0.59140625 0.642578125 0.0171875 0.01953125
0 0.578125 0.59765625 0.015625 0.01953125
0 0.5421875 0.6015625 0.021875 0.03125
0 0.48203125 0.5966796875 0.0234375 0.044921875
0 0.51171875 0.572265625 0.0140625 0.01953125
0 0.565625 0.5703125 0.015625 0.0234375
0 0.5421875 0.548828125 0.015625 0.01953125
0 0.475 0.5390625 0.040625 0.0234375
0 0.44296875 0.5595703125 0.0203125 0.037109375
0 0.0328125 0.8388671875 0.03125 0.009765625
0 0.034375 0.8505859375 0.028125 0.013671875
0 0.03359375 0.86328125 0.0296875 0.01171875
0 0.03046875 0.876953125 0.0296875 0.01171875
0 0.02421875 0.9501953125 0.0296875 0.021484375
0 0.16953125 0.8349609375 0.0171875 0.025390625
