0 0.46796875 0.5107421875 0.0109375 0.013671875
0 0.50390625 0.5087890625 0.0109375 0.013671875
0 0.5359375 0.5087890625 0.0125 0.013671875
0 0.5296875 0.4853515625 0.009375 0.013671875
0 0.5078125 0.48828125 0.0125 0.01953125
0 0.471875 0.484375 0.015625 0.02734375
0 0.48828125 0.470703125 0.0109375 0.01171875
0 0.52265625 0.4697265625 0.0109375 0.013671875
0 0.50859375 0.4580078125 0.0109375 0.013671875
0 0.46796875 0.4541015625 0.0296875 0.017578125
0 0.44609375 0.4638671875 0.0109375 0.021484375
0 0.225 0.59765625 0.015625 0.0078125
0 0.22734375 0.60546875 0.0140625 0.00390625
0 0.22734375 0.611328125 0.0140625 0.00390625
0 0.2265625 0.6181640625 0.015625 0.005859375
0 0.22890625 0.646484375 0.0171875 0.01171875
0 0.234375 0.7529296875 0.01875 0.009765625
0 0.29921875 0.599609375 0.0109375 0.015625
