0 0.47734375 0.6337890625 0.0171875 0.021484375
0 0.5359375 0.6318359375 0.015625 0.021484375
0 0.58828125 0.6318359375 0.0171875 0.021484375
0 0.575 0.5888671875 0.015625 0.021484375
0 0.53984375 0.5927734375 0.0203125 0.029296875
0 0.48125 0.587890625 0.021875 0.04296875
0 0.51015625 0.5634765625 0.0140625 0.017578125
0 0.5625 0.5615234375 0.015625 0.021484375
0 0.53984375 0.5419921875 0.0140625 0.017578125
0 0.475 0.533203125 0.040625 0.0234375
0 0.44375 0.552734375 0.01875 0.03515625
0 0.0484375 0.8203125 0.028125 0.01171875
0 0.0484375 0.8310546875 0.028125 0.009765625
0 0.0484375 0.84375 0.028125 0.01171875
0 0.0453125 0.857421875 0.028125 0.01171875
0 0.040625 0.92578125 0.028125 0.01953125
0 0.18125 0.814453125 0.015625 0.0234375
