0 0.46875 0.4853515625 0.009375 0.013671875
0 0.50546875 0.4833984375 0.0109375 0.013671875
0 0.5375 0.4833984375 0.0125 0.013671875
0 0.53125 0.4609375 0.009375 0.01171875
0 0.509375 0.462890625 0.0125 0.01953125
0 0.471875 0.4599609375 0.015625 0.029296875
0 0.4890625 0.4453125 0.0125 0.01171875
0 0.52421875 0.4443359375 0.0109375 0.013671875
0 0.51015625 0.4326171875 0.0109375 0.013671875
0 0.4671875 0.4267578125 0.028125 0.017578125
0 0.44609375 0.439453125 0.0109375 0.0234375
0 0.22265625 0.5751953125 0.0171875 0.005859375
0 0.2234375 0.58203125 0.015625 0.00390625
0 0.22265625 0.587890625 0.0140625 0.00390625
0 0.221875 0.5947265625 0.015625 0.005859375
0 0.22421875 0.623046875 0.0171875 0.01171875
0 0.23046875 0.73046875 0.0171875 0.01171875
0 0.296875 0.576171875 0.009375 0.015625
