0 0.47265625 0.5244140625 0.0140625 0.017578125
0 0.515625 0.5244140625 0.0125 0.017578125
0 0.5515625 0.5244140625 0.0125 0.013671875
0 0.54375 0.4970703125 0.009375 0.013671875
0 0.51875 0.5 0.015625 0.0234375
0 0.47578125 0.49609375 0.0171875 0.03125
0 0.496875 0.4794921875 0.009375 0.013671875
0 0.53515625 0.478515625 0.0109375 0.015625
0 0.5203125 0.4638671875 0.0125 0.013671875
0 0.4703125 0.4580078125 0.03125 0.017578125
0 0.44765625 0.4716796875 0.0140625 0.025390625
0 0.1828125 0.63671875 0.021875 0.0078125
0 0.18359375 0.6435546875 0.0203125 0.005859375
0 0.184375 0.6513671875 0.01875 0.005859375
0 0.1828125 0.658203125 0.01875 0.0078125
0 0.184375 0.6962890625 0.01875 0.013671875
0 0.27109375 0.638671875 0.0109375 0.015625
0 0.1875 0.8427734375 0.025 0.013671875
