0 0.47265625 0.5146484375 0.0140625 0.017578125
0 0.5125 0.5146484375 0.0125 0.017578125
0 0.5484375 0.5146484375 0.0125 0.013671875
0 0.540625 0.4873046875 0.009375 0.013671875
0 0.51640625 0.490234375 0.0140625 0.0234375
0 0.475 0.486328125 0.015625 0.03125
0 0.49609375 0.4716796875 0.0109375 0.013671875
0 0.53203125 0.4697265625 0.0109375 0.013671875
0 0.51796875 0.45703125 0.0109375 0.01171875
0 0.46953125 0.4501953125 0.0296875 0.017578125
0 0.44765625 0.46484375 0.0140625 0.0234375
0 0.1921875 0.62109375 0.021875 0.0078125
0 0.19453125 0.6279296875 0.0203125 0.005859375
0 0.1953125 0.6337890625 0.01875 0.005859375
0 0.19296875 0.6416015625 0.0171875 0.009765625
0 0.1953125 0.6767578125 0.01875 0.013671875
0 0.27890625 0.623046875 0.0109375 0.015625
0 0.2 0.8154296875 0.025 0.013671875
