0 0.46328125 0.6142578125 0.0109375 0.013671875
0 0.49453125 0.6142578125 0.0078125 0.009765625
0 0.521875 0.6142578125 0.009375 0.009765625
0 0.51484375 0.5947265625 0.0078125 0.009765625
0 0.496875 0.595703125 0.009375 0.015625
0 0.46640625 0.5927734375 0.0140625 0.021484375
0 0.48125 0.583984375 0.009375 0.01171875
0 0.509375 0.58203125 0.009375 0.01171875
0 0.4984375 0.572265625 0.009375 0.01171875
0 0.46171875 0.5673828125 0.0234375 0.013671875
0 0.44296875 0.576171875 0.0109375 0.01953125
0 0.2578125 0.6845703125 0.0125 0.005859375
0 0.25859375 0.69140625 0.0140625 0.00390625
0 0.25859375 0.6953125 0.0140625 0.00390625
0 0.2609375 0.72265625 0.015625 0.01171875
0 0.31875 0.6884765625 0.009375 0.009765625
0 0.2703125 0.8095703125 0.015625 0.009765625
