0 0.47578125 0.5615234375 0.0140625 0.017578125
0 0.52265625 0.560546875 0.0140625 0.01953125
0 0.56328125 0.560546875 0.0140625 0.015625
0 0.55390625 0.5283203125 0.0109375 0.013671875
0 0.52578125 0.5302734375 0.0140625 0.021484375
0 0.47890625 0.5263671875 0.0203125 0.037109375
0 0.50078125 0.5078125 0.0109375 0.015625
0 0.5453125 0.505859375 0.0125 0.015625
0 0.52578125 0.490234375 0.0140625 0.015625
0 0.47265625 0.4833984375 0.0328125 0.017578125
0 0.446875 0.5 0.015625 0.02734375
0 0.14296875 0.6943359375 0.0203125 0.009765625
0 0.14453125 0.701171875 0.0203125 0.0078125
0 0.14375 0.7109375 0.021875 0.0078125
0 0.1421875 0.7216796875 0.021875 0.009765625
0 0.14296875 0.7666015625 0.0265625 0.017578125
0 0.24453125 0.6953125 0.0109375 0.015625
0 0.13828125 0.9453125 0.0296875 0.015625
