0 0.47890625 0.642578125 0.0171875 0.0234375
0 0.5390625 0.640625 0.015625 0.0234375
0 0.59140625 0.6416015625 0.0171875 0.021484375
0 0.578125 0.5966796875 0.015625 0.021484375
0 0.5421875 0.599609375 0.021875 0.03125
0 0.48203125 0.595703125 0.0234375 0.04296875
0 0.51171875 0.5703125 0.0140625 0.01953125
0 0.56484375 0.5693359375 0.0171875 0.021484375
0 0.5421875 0.5478515625 0.015625 0.017578125
0 0.475 0.5390625 0.040625 0.0234375
0 0.44296875 0.55859375 0.0203125 0.03515625
0 0.034375 0.8359375 0.03125 0.01171875
0 0.0359375 0.8486328125 0.028125 0.013671875
0 0.03515625 0.861328125 0.0296875 0.01171875
0 0.03203125 0.875 0.0296875 0.01171875
0 0.0265625 0.9462890625 0.028125 0.021484375
0 0.17265625 0.833984375 0.0140625 0.0234375
