0 0.48359375 0.7158203125 0.0203125 0.029296875
0 0.55625 0.7119140625 0.01875 0.025390625
0 0.61875 0.7119140625 0.01875 0.025390625
0 0.60234375 0.65625 0.0171875 0.0234375
0 0.5609375 0.6611328125 0.021875 0.037109375
0 0.490625 0.65625 0.028125 0.0546875
0 0.5234375 0.623046875 0.015625 0.0234375
0 0.5859375 0.62109375 0.01875 0.02734375
0 0.56015625 0.59375 0.0171875 0.0234375
0 0.48125 0.5830078125 0.053125 0.029296875
0 0.44296875 0.6064453125 0.0203125 0.041015625
0 0.0984375 0.9765625 0.01875 0.02734375
