0 0.47109375 0.4853515625 0.0109375 0.013671875
0 0.50546875 0.4833984375 0.0109375 0.013671875
0 0.5375 0.4833984375 0.0125 0.013671875
0 0.53125 0.458984375 0.009375 0.01171875
0 0.509375 0.462890625 0.0125 0.01953125
0 0.4734375 0.458984375 0.015625 0.02734375
0 0.48984375 0.4453125 0.0109375 0.01171875
0 0.52421875 0.4443359375 0.0109375 0.013671875
0 0.51015625 0.4326171875 0.0109375 0.013671875
0 0.46875 0.4267578125 0.028125 0.017578125
0 0.446875 0.4384765625 0.0125 0.021484375
0 0.21875 0.5712890625 0.015625 0.005859375
0 0.2203125 0.5791015625 0.015625 0.005859375
0 0.22109375 0.5859375 0.0140625 0.00390625
0 0.2203125 0.5908203125 0.015625 0.005859375
0 0.22265625 0.62109375 0.0171875 0.01171875
0 0.2328125 0.7333984375 0.01875 0.009765625
0 0.29453125 0.57421875 0.0109375 0.015625
