0 0.47578125 0.57421875 0.0140625 0.01953125
0 0.52421875 0.572265625 0.0140625 0.01953125
0 0.56796875 0.572265625 0.0140625 0.015625
0 0.5578125 0.5380859375 0.0125 0.013671875
0 0.528125 0.541015625 0.015625 0.0234375
0 0.47890625 0.537109375 0.0203125 0.0390625
0 0.5015625 0.517578125 0.0125 0.015625
0 0.546875 0.515625 0.0125 0.015625
0 0.52890625 0.4990234375 0.0140625 0.017578125
0 0.47265625 0.4921875 0.0359375 0.01953125
0 0.4453125 0.5087890625 0.015625 0.029296875
0 0.12734375 0.7158203125 0.0234375 0.009765625
0 0.12890625 0.7236328125 0.0234375 0.009765625
0 0.12890625 0.7333984375 0.0234375 0.009765625
0 0.1265625 0.7431640625 0.021875 0.009765625
0 0.125 0.7919921875 0.028125 0.021484375
0 0.23359375 0.7158203125 0.0109375 0.017578125
0 0.12109375 0.984375 0.0328125 0.015625
