0 0.4765625 0.6220703125 0.015625 0.021484375
0 0.534375 0.6201171875 0.015625 0.021484375
0 0.58359375 0.619140625 0.0171875 0.01953125
0 0.57109375 0.5791015625 0.0140625 0.021484375
0 0.53671875 0.58203125 0.0203125 0.03125
0 0.48046875 0.578125 0.0203125 0.0390625
0 0.509375 0.5537109375 0.0125 0.017578125
0 0.559375 0.552734375 0.015625 0.01953125
0 0.5375 0.533203125 0.015625 0.015625
0 0.47421875 0.5244140625 0.0390625 0.021484375
0 0.44375 0.5439453125 0.01875 0.033203125
0 0.0640625 0.7978515625 0.025 0.009765625
0 0.06640625 0.80859375 0.0265625 0.01171875
0 0.065625 0.8193359375 0.028125 0.009765625
0 0.0625 0.83203125 0.028125 0.01171875
0 0.0578125 0.8974609375 0.028125 0.017578125
0 0.19296875 0.7958984375 0.0109375 0.021484375
