0 0.4765625 0.6181640625 0.015625 0.021484375
0 0.5328125 0.6162109375 0.015625 0.021484375
0 0.58203125 0.615234375 0.0171875 0.01953125
0 0.56953125 0.576171875 0.0140625 0.01953125
0 0.5359375 0.5791015625 0.01875 0.029296875
0 0.48046875 0.57421875 0.0203125 0.0390625
0 0.5078125 0.5517578125 0.0125 0.017578125
0 0.5578125 0.55078125 0.015625 0.01953125
0 0.53671875 0.5302734375 0.0140625 0.017578125
0 0.47421875 0.521484375 0.0390625 0.0234375
0 0.44453125 0.541015625 0.0171875 0.03515625
0 0.0703125 0.791015625 0.025 0.01171875
0 0.07109375 0.8017578125 0.0265625 0.009765625
0 0.07109375 0.8115234375 0.0265625 0.009765625
0 0.06796875 0.82421875 0.0265625 0.01171875
0 0.06328125 0.8876953125 0.0265625 0.017578125
0 0.19609375 0.7890625 0.0140625 0.0234375
