0 0.478125 0.640625 0.015625 0.0234375
0 0.5375 0.638671875 0.015625 0.0234375
0 0.58984375 0.638671875 0.0171875 0.01953125
0 0.5765625 0.5947265625 0.015625 0.021484375
0 0.54140625 0.59765625 0.0203125 0.03125
0 0.48203125 0.59375 0.0234375 0.04296875
0 0.51171875 0.568359375 0.0140625 0.01953125
0 0.56484375 0.5673828125 0.0171875 0.021484375
0 0.54140625 0.5458984375 0.0140625 0.017578125
0 0.475 0.537109375 0.040625 0.0234375
0 0.44296875 0.556640625 0.0203125 0.03515625
0 0.03828125 0.83203125 0.0296875 0.01171875
0 0.03984375 0.84375 0.0296875 0.01171875
0 0.03984375 0.85546875 0.0296875 0.01171875
0 0.03671875 0.869140625 0.0296875 0.01171875
0 0.03046875 0.9404296875 0.0296875 0.021484375
0 0.175 0.8271484375 0.015625 0.025390625
