0 0.4671875 0.6064453125 0.009375 0.013671875
0 0.50234375 0.6044921875 0.0109375 0.013671875
0 0.5328125 0.6044921875 0.0125 0.013671875
0 0.5265625 0.58203125 0.009375 0.01171875
0 0.50625 0.583984375 0.0125 0.01953125
0 0.4703125 0.5810546875 0.015625 0.029296875
0 0.48671875 0.56640625 0.0109375 0.01171875
0 0.51953125 0.5654296875 0.0109375 0.013671875
0 0.50703125 0.5537109375 0.0109375 0.013671875
0 0.4671875 0.5498046875 0.028125 0.017578125
0 0.44453125 0.5615234375 0.0109375 0.021484375
0 0.23125 0.6943359375 0.015625 0.005859375
0 0.23203125 0.69921875 0.0140625 0.00390625
0 0.23203125 0.705078125 0.0140625 0.00390625
0 0.23125 0.7119140625 0.015625 0.005859375
0 0.23359375 0.73828125 0.0171875 0.01171875
0 0.23984375 0.845703125 0.0171875 0.01171875
0 0.30078125 0.6953125 0.0109375 0.01171875
