0 0.46171875 0.5673828125 0.0078125 0.009765625
0 0.4875 0.56640625 0.00625 0.0078125
0 0.51015625 0.56640625 0.0078125 0.0078125
0 0.50625 0.552734375 0.00625 0.0078125
0 0.490625 0.552734375 0.009375 0.01171875
0 0.4640625 0.55078125 0.009375 0.015625
0 0.4765625 0.54296875 0.00625 0.0078125
0 0.50078125 0.5419921875 0.0078125 0.009765625
0 0.4921875 0.5341796875 0.00625 0.009765625
0 0.4609375 0.53125 0.01875 0.01171875
0 0.446875 0.53515625 0.009375 0.015625
0 0.31015625 0.7138671875 0.0140625 0.009765625
0 0.29609375 0.619140625 0.0109375 0.00390625
0 0.296875 0.625 0.0125 0.00390625
0 0.296875 0.630859375 0.0125 0.00390625
0 0.2984375 0.634765625 0.0125 0.00390625
0 0.34609375 0.625 0.0078125 0.0078125
0 0.3 0.65234375 0.0125 0.0078125
