0 0.4625 0.60546875 0.009375 0.01171875
0 0.49296875 0.6044921875 0.0078125 0.009765625
0 0.51953125 0.6044921875 0.0078125 0.009765625
0 0.51328125 0.5869140625 0.0078125 0.009765625
0 0.4953125 0.587890625 0.009375 0.015625
0 0.46484375 0.5849609375 0.0140625 0.021484375
0 0.4796875 0.5771484375 0.009375 0.009765625
0 0.5078125 0.5751953125 0.009375 0.009765625
0 0.496875 0.5654296875 0.009375 0.009765625
0 0.4609375 0.5615234375 0.021875 0.013671875
0 0.44375 0.5693359375 0.009375 0.017578125
0 0.265625 0.6728515625 0.0125 0.005859375
0 0.26640625 0.6787109375 0.0140625 0.005859375
0 0.26640625 0.68359375 0.0140625 0.00390625
0 0.26875 0.708984375 0.015625 0.01171875
0 0.3234375 0.6767578125 0.009375 0.009765625
0 0.27890625 0.7900390625 0.0140625 0.009765625
