0 0.47734375 0.626953125 0.0171875 0.0234375
0 0.534375 0.625 0.015625 0.0234375
0 0.58515625 0.625 0.0171875 0.01953125
0 0.57265625 0.5830078125 0.0140625 0.021484375
0 0.53828125 0.5869140625 0.0203125 0.029296875
0 0.48125 0.58203125 0.021875 0.0390625
0 0.509375 0.5576171875 0.0125 0.017578125
0 0.5609375 0.556640625 0.015625 0.01953125
0 0.53828125 0.537109375 0.0140625 0.015625
0 0.47421875 0.52734375 0.0390625 0.0234375
0 0.44375 0.546875 0.01875 0.03515625
0 0.05703125 0.8076171875 0.0265625 0.009765625
0 0.05859375 0.818359375 0.0265625 0.01171875
0 0.0578125 0.830078125 0.028125 0.01171875
0 0.0546875 0.84375 0.028125 0.01171875
0 0.05 0.91015625 0.028125 0.01953125
0 0.1875 0.802734375 0.015625 0.0234375
