0 0.47265625 0.5146484375 0.0140625 0.017578125
0 0.5125 0.5146484375 0.0125 0.017578125
0 0.54921875 0.5146484375 0.0109375 0.013671875
0 0.54140625 0.4892578125 0.0109375 0.013671875
0 0.51640625 0.4912109375 0.0140625 0.021484375
0 0.475 0.4873046875 0.015625 0.029296875
0 0.49609375 0.4716796875 0.0109375 0.013671875
0 0.53203125 0.470703125 0.0109375 0.015625
0 0.51796875 0.45703125 0.0109375 0.01171875
0 0.46953125 0.4501953125 0.0296875 0.017578125
0 0.44765625 0.46484375 0.0140625 0.0234375
0 0.1921875 0.623046875 0.021875 0.0078125
0 0.19296875 0.6298828125 0.0203125 0.005859375
0 0.19375 0.6357421875 0.01875 0.005859375
0 0.1921875 0.642578125 0.01875 0.0078125
0 0.19375 0.6787109375 0.01875 0.013671875
0 0.27734375 0.625 0.0109375 0.015625
0 0.19921875 0.8173828125 0.0234375 0.013671875
