0 0.47734375 0.5537109375 0.0078125 0.009765625
0 0.46171875 0.5810546875 0.0078125 0.009765625
0 0.48828125 0.5791015625 0.0078125 0.009765625
0 0.51171875 0.5791015625 0.0078125 0.009765625
0 0.5078125 0.564453125 0.00625 0.0078125
0 0.4921875 0.5634765625 0.009375 0.013671875
0 0.46328125 0.5615234375 0.0109375 0.021484375
0 0.50234375 0.5537109375 0.0078125 0.009765625
0 0.49296875 0.5439453125 0.0078125 0.009765625
0 0.46015625 0.541015625 0.0203125 0.01171875
0 0.4453125 0.5478515625 0.009375 0.017578125
0 0.2875 0.6494140625 0.009375 0.001953125
0 0.28671875 0.64453125 0.0109375 0.00390625
0 0.33828125 0.6416015625 0.0078125 0.009765625
0 0.2984375 0.7392578125 0.0125 0.005859375
0 0.290625 0.669921875 0.0125 0.0078125
