0 0.4796875 0.6748046875 0.01875 0.025390625
0 0.54609375 0.673828125 0.0171875 0.0234375
0 0.6015625 0.673828125 0.01875 0.0234375
0 0.5875 0.623046875 0.015625 0.0234375
0 0.54921875 0.626953125 0.0203125 0.03515625
0 0.48515625 0.623046875 0.0265625 0.05078125
0 0.5140625 0.5927734375 0.015625 0.021484375
0 0.5734375 0.591796875 0.015625 0.0234375
0 0.55 0.5673828125 0.015625 0.021484375
0 0.47734375 0.55859375 0.0484375 0.0234375
0 0.4421875 0.580078125 0.01875 0.03515625
0 0.13828125 0.8984375 0.0140625 0.0234375
