0 0.46796875 0.5302734375 0.0109375 0.013671875
0 0.50390625 0.5283203125 0.0109375 0.013671875
0 0.53515625 0.5283203125 0.0140625 0.013671875
0 0.528125 0.505859375 0.009375 0.01171875
0 0.5078125 0.5087890625 0.0125 0.017578125
0 0.471875 0.5048828125 0.015625 0.029296875
0 0.48828125 0.4921875 0.0109375 0.01171875
0 0.52109375 0.4912109375 0.0109375 0.013671875
0 0.50859375 0.4775390625 0.0109375 0.013671875
0 0.46640625 0.4736328125 0.0296875 0.017578125
0 0.44453125 0.486328125 0.0109375 0.0234375
0 0.225 0.619140625 0.015625 0.0078125
0 0.2265625 0.626953125 0.015625 0.00390625
0 0.22734375 0.6328125 0.0140625 0.00390625
0 0.2265625 0.6396484375 0.015625 0.005859375
0 0.22890625 0.66796875 0.0171875 0.01171875
0 0.234375 0.7744140625 0.01875 0.009765625
0 0.29921875 0.62109375 0.0109375 0.015625
