0 0.47890625 0.6572265625 0.0171875 0.025390625
0 0.5421875 0.6552734375 0.015625 0.025390625
0 0.596875 0.6552734375 0.01875 0.021484375
0 0.58203125 0.6083984375 0.0171875 0.021484375
0 0.5453125 0.61328125 0.021875 0.03125
0 0.4828125 0.607421875 0.025 0.046875
0 0.51328125 0.58203125 0.0140625 0.01953125
0 0.56953125 0.580078125 0.0171875 0.0234375
0 0.5453125 0.55859375 0.015625 0.01953125
0 0.47578125 0.5478515625 0.0421875 0.025390625
0 0.4421875 0.5693359375 0.01875 0.037109375
0 0.1546875 0.8671875 0.01875 0.02734375
0 0.0140625 0.8642578125 0.025 0.009765625
0 0.0140625 0.875 0.028125 0.01171875
0 0.0140625 0.888671875 0.025 0.015625
0 0.01328125 0.9052734375 0.0234375 0.013671875
