0 0.465625 0.6298828125 0.0125 0.013671875
0 0.49921875 0.62890625 0.0109375 0.01171875
0 0.5296875 0.62890625 0.009375 0.01171875
0 0.52265625 0.6083984375 0.0078125 0.009765625
0 0.50390625 0.6103515625 0.0109375 0.017578125
0 0.46796875 0.6064453125 0.0140625 0.021484375
0 0.484375 0.5947265625 0.009375 0.009765625
0 0.515625 0.59375 0.009375 0.01171875
0 0.503125 0.583984375 0.009375 0.01171875
0 0.4640625 0.578125 0.025 0.015625
0 0.44453125 0.5888671875 0.0109375 0.021484375
0 0.2390625 0.7119140625 0.015625 0.005859375
0 0.23984375 0.71875 0.0140625 0.00390625
0 0.23984375 0.724609375 0.0140625 0.00390625
0 0.24140625 0.7294921875 0.0140625 0.005859375
0 0.24296875 0.7548828125 0.0171875 0.009765625
0 0.30703125 0.71484375 0.0078125 0.01171875
0 0.25 0.853515625 0.01875 0.0078125
