0 0.46953125 0.498046875 0.0109375 0.015625
0 0.5078125 0.49609375 0.0125 0.015625
0 0.54140625 0.4970703125 0.0140625 0.013671875
0 0.534375 0.47265625 0.009375 0.01171875
0 0.5140625 0.474609375 0.0125 0.01953125
0 0.4734375 0.470703125 0.015625 0.03125
0 0.490625 0.45703125 0.0125 0.01171875
0 0.52578125 0.4560546875 0.0109375 0.013671875
0 0.51328125 0.4423828125 0.0109375 0.013671875
0 0.4671875 0.4365234375 0.028125 0.017578125
0 0.44609375 0.4501953125 0.0109375 0.025390625
0 0.2078125 0.5947265625 0.01875 0.005859375
0 0.209375 0.6025390625 0.01875 0.005859375
0 0.209375 0.609375 0.015625 0.00390625
0 0.209375 0.6142578125 0.015625 0.005859375
0 0.2109375 0.6484375 0.01875 0.01171875
0 0.2171875 0.767578125 0.01875 0.01171875
0 0.2875 0.59765625 0.009375 0.015625
