0 0.4765625 0.6005859375 0.015625 0.021484375
0 0.5296875 0.5986328125 0.015625 0.021484375
0 0.5765625 0.5986328125 0.015625 0.017578125
0 0.56484375 0.560546875 0.0140625 0.015625
0 0.5328125 0.564453125 0.015625 0.02734375
0 0.4796875 0.5615234375 0.021875 0.041015625
0 0.5046875 0.5380859375 0.0125 0.017578125
0 0.553125 0.5361328125 0.0125 0.017578125
0 0.53359375 0.5185546875 0.0140625 0.017578125
0 0.47265625 0.509765625 0.0390625 0.0234375
0 0.44296875 0.5283203125 0.0171875 0.029296875
0 0.0921875 0.759765625 0.028125 0.01171875
0 0.0953125 0.7705078125 0.025 0.009765625
0 0.09453125 0.7802734375 0.0265625 0.009765625
0 0.0921875 0.7919921875 0.025 0.009765625
0 0.0890625 0.84765625 0.03125 0.0234375
0 0.2109375 0.759765625 0.0125 0.01953125
