0 0.47890625 0.646484375 0.0171875 0.0234375
0 0.5390625 0.64453125 0.015625 0.0234375
0 0.5921875 0.6435546875 0.01875 0.021484375
0 0.578125 0.5986328125 0.015625 0.021484375
0 0.5421875 0.603515625 0.021875 0.03125
0 0.48203125 0.59765625 0.0234375 0.04296875
0 0.51171875 0.572265625 0.0140625 0.01953125
0 0.56640625 0.5703125 0.0171875 0.0234375
0 0.5421875 0.5498046875 0.015625 0.017578125
0 0.47578125 0.5400390625 0.0421875 0.025390625
0 0.44296875 0.560546875 0.0203125 0.03515625
0 0.03125 0.841796875 0.03125 0.01171875
0 0.03203125 0.853515625 0.0296875 0.01171875
0 0.03203125 0.8662109375 0.0296875 0.013671875
0 0.02890625 0.880859375 0.0296875 0.01171875
0 0.02265625 0.9521484375 0.0296875 0.021484375
0 0.16953125 0.8369140625 0.0171875 0.025390625
