0 0.47265625 0.5205078125 0.0140625 0.017578125
0 0.5140625 0.5185546875 0.0125 0.017578125
0 0.55 0.51953125 0.0125 0.015625
0 0.5421875 0.4931640625 0.009375 0.013671875
0 0.51796875 0.4951171875 0.0140625 0.021484375
0 0.47578125 0.4912109375 0.0171875 0.029296875
0 0.49609375 0.4755859375 0.0109375 0.013671875
0 0.53359375 0.474609375 0.0109375 0.015625
0 0.51953125 0.4609375 0.0109375 0.01171875
0 0.4703125 0.4541015625 0.03125 0.017578125
0 0.44765625 0.46875 0.0140625 0.0234375
0 0.1875 0.62890625 0.021875 0.0078125
0 0.18984375 0.6357421875 0.0203125 0.005859375
0 0.18984375 0.642578125 0.0203125 0.0078125
0 0.1875 0.650390625 0.01875 0.0078125
0 0.18984375 0.6865234375 0.0203125 0.013671875
0 0.27421875 0.630859375 0.0109375 0.015625
0 0.19375 0.8291015625 0.025 0.013671875
