0 0.46953125 0.490234375 0.0109375 0.015625
0 0.50703125 0.4892578125 0.0109375 0.013671875
0 0.540625 0.48828125 0.0125 0.01171875
0 0.5328125 0.462890625 0.009375 0.01171875
0 0.5109375 0.466796875 0.0125 0.01953125
0 0.4734375 0.4638671875 0.015625 0.029296875
0 0.48984375 0.4501953125 0.0109375 0.013671875
0 0.52578125 0.4462890625 0.0109375 0.013671875
0 0.51171875 0.4345703125 0.0109375 0.013671875
0 0.46796875 0.4306640625 0.0296875 0.017578125
0 0.44609375 0.443359375 0.0109375 0.0234375
0 0.21640625 0.580078125 0.0171875 0.0078125
0 0.21875 0.587890625 0.015625 0.00390625
0 0.21875 0.59375 0.015625 0.00390625
0 0.21875 0.6005859375 0.015625 0.005859375
0 0.2203125 0.62890625 0.01875 0.01171875
0 0.22578125 0.74609375 0.0171875 0.01171875
0 0.29375 0.58203125 0.009375 0.015625
