0 0.47734375 0.5615234375 0.0078125 0.009765625
0 0.46328125 0.5888671875 0.0078125 0.009765625
0 0.4890625 0.5869140625 0.009375 0.009765625
0 0.5140625 0.587890625 0.009375 0.01171875
0 0.509375 0.572265625 0.00625 0.0078125
0 0.49296875 0.5712890625 0.0078125 0.013671875
0 0.4640625 0.5693359375 0.0125 0.021484375
0 0.5046875 0.560546875 0.009375 0.01171875
0 0.49375 0.5517578125 0.009375 0.009765625
0 0.4609375 0.5478515625 0.021875 0.013671875
0 0.44375 0.5546875 0.009375 0.01953125
0 0.28046875 0.66015625 0.0109375 0.00390625
0 0.28046875 0.654296875 0.0109375 0.00390625
0 0.33359375 0.65234375 0.0078125 0.0078125
0 0.2921875 0.7548828125 0.0125 0.005859375
0 0.28359375 0.681640625 0.0140625 0.0078125
