0 0.47109375 0.484375 0.0109375 0.015625
0 0.5078125 0.482421875 0.0125 0.015625
0 0.54140625 0.484375 0.0109375 0.015625
0 0.5328125 0.4609375 0.009375 0.01171875
0 0.5109375 0.4609375 0.0125 0.01953125
0 0.4734375 0.4580078125 0.015625 0.029296875
0 0.49140625 0.443359375 0.0109375 0.01171875
0 0.52578125 0.4443359375 0.0109375 0.013671875
0 0.51328125 0.4326171875 0.0109375 0.013671875
0 0.46875 0.4267578125 0.028125 0.017578125
0 0.44765625 0.4384765625 0.0109375 0.021484375
0 0.21953125 0.5751953125 0.0171875 0.005859375
0 0.22109375 0.5830078125 0.0171875 0.005859375
0 0.22109375 0.58984375 0.0140625 0.00390625
0 0.2203125 0.5947265625 0.015625 0.005859375
0 0.22265625 0.625 0.0171875 0.01171875
0 0.2296875 0.73828125 0.01875 0.01171875
0 0.2953125 0.578125 0.009375 0.015625
