0 0.4671875 0.4814453125 0.009375 0.013671875
0 0.503125 0.4794921875 0.0125 0.013671875
0 0.53515625 0.4794921875 0.0140625 0.013671875
0 0.528125 0.45703125 0.009375 0.01171875
0 0.50625 0.458984375 0.0125 0.01953125
0 0.4703125 0.4560546875 0.015625 0.029296875
0 0.48671875 0.44140625 0.0109375 0.01171875
0 0.52109375 0.4404296875 0.0109375 0.013671875
0 0.50859375 0.4287109375 0.0109375 0.013671875
0 0.465625 0.4248046875 0.028125 0.017578125
0 0.44453125 0.4365234375 0.0109375 0.021484375
0 0.2234375 0.5712890625 0.015625 0.005859375
0 0.2234375 0.576171875 0.015625 0.00390625
0 0.22421875 0.58203125 0.0140625 0.00390625
0 0.225 0.5888671875 0.015625 0.005859375
0 0.22578125 0.6171875 0.0171875 0.01171875
0 0.234375 0.7265625 0.01875 0.01171875
0 0.296875 0.5703125 0.009375 0.015625
