0 0.475 0.5458984375 0.015625 0.017578125
0 0.5203125 0.5439453125 0.0125 0.017578125
0 0.55859375 0.5439453125 0.0140625 0.017578125
0 0.54921875 0.5146484375 0.0109375 0.013671875
0 0.5234375 0.517578125 0.015625 0.0234375
0 0.47734375 0.513671875 0.0171875 0.03125
0 0.5 0.4970703125 0.009375 0.013671875
0 0.53984375 0.49609375 0.0109375 0.015625
0 0.525 0.48046875 0.0125 0.015625
0 0.471875 0.4736328125 0.03125 0.017578125
0 0.446875 0.48828125 0.015625 0.02734375
0 0.16328125 0.6669921875 0.0203125 0.005859375
0 0.16328125 0.6748046875 0.0203125 0.005859375
0 0.16328125 0.68359375 0.0203125 0.0078125
0 0.16171875 0.6923828125 0.0234375 0.009765625
0 0.1625 0.7353515625 0.021875 0.013671875
0 0.25703125 0.669921875 0.0109375 0.015625
0 0.1609375 0.8974609375 0.028125 0.013671875
