0 0.478125 0.5185546875 0.021875 0.037109375
0 0.56171875 0.515625 0.0265625 0.03125
0 0.6359375 0.5166015625 0.021875 0.029296875
0 0.6140625 0.4443359375 0.021875 0.033203125
0 0.56640625 0.453125 0.0296875 0.046875
0 0.48359375 0.4453125 0.0359375 0.0625
0 0.5234375 0.4052734375 0.01875 0.025390625
0 0.5953125 0.40234375 0.021875 0.02734375
0 0.565625 0.369140625 0.021875 0.02734375
0 0.47421875 0.35546875 0.0609375 0.03515625
0 0.4296875 0.388671875 0.025 0.046875
0 0.021875 0.8486328125 0.021875 0.037109375
