0 0.47265625 0.5205078125 0.0140625 0.017578125
0 0.5140625 0.5205078125 0.0125 0.017578125
0 0.55078125 0.5205078125 0.0109375 0.013671875
0 0.54296875 0.4931640625 0.0109375 0.013671875
0 0.51796875 0.49609375 0.0140625 0.0234375
0 0.47578125 0.4921875 0.0171875 0.03125
0 0.49609375 0.4775390625 0.0109375 0.013671875
0 0.53359375 0.4755859375 0.0109375 0.013671875
0 0.51953125 0.4619140625 0.0109375 0.013671875
0 0.4703125 0.4541015625 0.03125 0.017578125
0 0.44765625 0.4697265625 0.0140625 0.025390625
0 0.1875 0.6298828125 0.021875 0.005859375
0 0.18828125 0.6376953125 0.0203125 0.005859375
0 0.1890625 0.6435546875 0.01875 0.005859375
0 0.1875 0.6513671875 0.01875 0.009765625
0 0.1890625 0.6884765625 0.01875 0.013671875
0 0.27421875 0.6328125 0.0109375 0.015625
0 0.1921875 0.8310546875 0.025 0.013671875
