0 0.496875 0.623046875 0.009375 0.01171875
0 0.46484375 0.625 0.0109375 0.01171875
0 0.52578125 0.6240234375 0.0078125 0.009765625
0 0.51953125 0.603515625 0.0078125 0.01171875
0 0.5 0.60546875 0.009375 0.015625
0 0.4671875 0.6025390625 0.0125 0.025390625
0 0.4828125 0.591796875 0.009375 0.01171875
0 0.51328125 0.5908203125 0.0078125 0.009765625
0 0.50234375 0.580078125 0.0109375 0.01171875
0 0.46328125 0.5751953125 0.0234375 0.013671875
0 0.44453125 0.583984375 0.0109375 0.01953125
0 0.246875 0.6982421875 0.015625 0.005859375
0 0.24765625 0.705078125 0.0140625 0.00390625
0 0.24765625 0.708984375 0.0140625 0.00390625
0 0.24921875 0.7138671875 0.0140625 0.005859375
0 0.25078125 0.7392578125 0.0171875 0.009765625
0 0.31328125 0.701171875 0.0078125 0.01171875
0 0.25859375 0.83203125 0.0171875 0.01171875
