0 0.48203125 0.697265625 0.0203125 0.02734375
0 0.5515625 0.6962890625 0.01875 0.025390625
0 0.6109375 0.6962890625 0.01875 0.025390625
0 0.59609375 0.640625 0.0171875 0.0234375
0 0.5546875 0.6455078125 0.021875 0.037109375
0 0.48671875 0.6416015625 0.0265625 0.052734375
0 0.51875 0.609375 0.015625 0.0234375
0 0.58046875 0.6083984375 0.0171875 0.025390625
0 0.5546875 0.5810546875 0.015625 0.021484375
0 0.478125 0.572265625 0.05 0.02734375
0 0.44140625 0.59375 0.0203125 0.0390625
0 0.11484375 0.9423828125 0.0171875 0.025390625
