0 0.46640625 0.6337890625 0.0109375 0.013671875
0 0.5 0.6328125 0.009375 0.01171875
0 0.5296875 0.6328125 0.009375 0.01171875
0 0.5234375 0.6123046875 0.009375 0.009765625
0 0.50390625 0.6142578125 0.0109375 0.017578125
0 0.4703125 0.609375 0.015625 0.0234375
0 0.4859375 0.5986328125 0.00625 0.009765625
0 0.5171875 0.59765625 0.009375 0.01171875
0 0.5046875 0.5859375 0.009375 0.01171875
0 0.465625 0.5810546875 0.025 0.017578125
0 0.44609375 0.591796875 0.0109375 0.0234375
0 0.23671875 0.7158203125 0.0171875 0.005859375
0 0.23828125 0.72265625 0.0140625 0.00390625
0 0.23828125 0.728515625 0.0140625 0.00390625
0 0.23828125 0.7353515625 0.0140625 0.005859375
0 0.24140625 0.7587890625 0.0171875 0.009765625
0 0.30703125 0.71875 0.0078125 0.01171875
0 0.24921875 0.8583984375 0.0171875 0.009765625
