0 0.4765625 0.583984375 0.015625 0.01953125
0 0.5265625 0.5830078125 0.015625 0.021484375
0 0.57109375 0.5830078125 0.0140625 0.017578125
0 0.56015625 0.546875 0.0140625 0.015625
0 0.5296875 0.5498046875 0.015625 0.025390625
0 0.4796875 0.546875 0.021875 0.0390625
0 0.503125 0.525390625 0.0125 0.015625
0 0.55 0.5234375 0.0125 0.015625
0 0.53046875 0.5068359375 0.0140625 0.017578125
0 0.47265625 0.4990234375 0.0359375 0.021484375
0 0.44453125 0.5166015625 0.0171875 0.029296875
0 0.1140625 0.732421875 0.025 0.01171875
0 0.11640625 0.7412109375 0.0234375 0.009765625
0 0.115625 0.7509765625 0.025 0.009765625
0 0.11328125 0.7626953125 0.0234375 0.009765625
0 0.11171875 0.8134765625 0.0296875 0.021484375
0 0.225 0.7333984375 0.0125 0.017578125
