0 0.46796875 0.4931640625 0.0109375 0.013671875
0 0.50546875 0.4912109375 0.0109375 0.013671875
0 0.5390625 0.4912109375 0.0125 0.013671875
0 0.5328125 0.466796875 0.009375 0.01171875
0 0.509375 0.470703125 0.0125 0.01953125
0 0.471875 0.4658203125 0.015625 0.029296875
0 0.4890625 0.453125 0.0125 0.01171875
0 0.52421875 0.4521484375 0.0109375 0.013671875
0 0.51015625 0.4384765625 0.0109375 0.013671875
0 0.46953125 0.4326171875 0.0296875 0.017578125
0 0.44609375 0.4443359375 0.0140625 0.025390625
0 0.21484375 0.58203125 0.0171875 0.0078125
0 0.2171875 0.58984375 0.015625 0.00390625
0 0.2171875 0.595703125 0.015625 0.00390625
0 0.2171875 0.6025390625 0.015625 0.005859375
0 0.21875 0.634765625 0.01875 0.01171875
0 0.22578125 0.7470703125 0.0171875 0.009765625
0 0.29296875 0.583984375 0.0109375 0.015625
