0 0.47421875 0.5419921875 0.0140625 0.017578125
0 0.51875 0.5400390625 0.0125 0.017578125
0 0.55703125 0.5400390625 0.0140625 0.017578125
0 0.5484375 0.509765625 0.009375 0.015625
0 0.52265625 0.513671875 0.0171875 0.0234375
0 0.47734375 0.5087890625 0.0171875 0.033203125
0 0.4984375 0.4931640625 0.009375 0.013671875
0 0.53984375 0.4912109375 0.0109375 0.013671875
0 0.5234375 0.4765625 0.0125 0.015625
0 0.471875 0.4697265625 0.03125 0.017578125
0 0.446875 0.484375 0.015625 0.02734375
0 0.16796875 0.6591796875 0.0203125 0.005859375
0 0.16953125 0.6669921875 0.0203125 0.005859375
0 0.16953125 0.67578125 0.0203125 0.0078125
0 0.1671875 0.6845703125 0.021875 0.009765625
0 0.16875 0.7255859375 0.021875 0.013671875
0 0.26171875 0.662109375 0.0109375 0.015625
0 0.1671875 0.8837890625 0.028125 0.013671875
