0 0.4765625 0.6181640625 0.015625 0.021484375
0 0.5328125 0.6162109375 0.015625 0.021484375
0 0.5828125 0.6171875 0.015625 0.01953125
0 0.5703125 0.576171875 0.015625 0.01953125
0 0.53671875 0.5791015625 0.0203125 0.029296875
0 0.48046875 0.576171875 0.0203125 0.0390625
0 0.50859375 0.5517578125 0.0140625 0.017578125
0 0.55859375 0.55078125 0.0140625 0.01953125
0 0.53671875 0.53125 0.0140625 0.015625
0 0.47421875 0.5224609375 0.0390625 0.021484375
0 0.44453125 0.5419921875 0.0171875 0.033203125
0 0.06875 0.7939453125 0.025 0.009765625
0 0.06953125 0.8037109375 0.0265625 0.009765625
0 0.06953125 0.8154296875 0.0265625 0.009765625
0 0.06640625 0.828125 0.0265625 0.01171875
0 0.06171875 0.8916015625 0.0265625 0.017578125
0 0.19453125 0.7890625 0.0140625 0.0234375
