0 0.46171875 0.5654296875 0.0078125 0.009765625
0 0.4875 0.5634765625 0.00625 0.009765625
0 0.51015625 0.564453125 0.0078125 0.0078125
0 0.50625 0.548828125 0.00625 0.0078125
0 0.490625 0.5498046875 0.009375 0.013671875
0 0.4640625 0.546875 0.009375 0.015625
0 0.4765625 0.5390625 0.00625 0.0078125
0 0.50078125 0.5380859375 0.0078125 0.009765625
0 0.4921875 0.53125 0.00625 0.0078125
0 0.4609375 0.5283203125 0.01875 0.009765625
0 0.446875 0.533203125 0.009375 0.015625
0 0.31171875 0.7099609375 0.0140625 0.009765625
0 0.29765625 0.615234375 0.0109375 0.00390625
0 0.3 0.62109375 0.0125 0.00390625
0 0.29921875 0.626953125 0.0140625 0.00390625
0 0.3 0.630859375 0.0125 0.00390625
0 0.34765625 0.62109375 0.0078125 0.0078125
0 0.3015625 0.6484375 0.0125 0.0078125
