0 0.475 0.5458984375 0.015625 0.017578125
0 0.51875 0.5439453125 0.0125 0.017578125
0 0.55859375 0.5439453125 0.0140625 0.017578125
0 0.54921875 0.513671875 0.0109375 0.015625
0 0.52265625 0.517578125 0.0171875 0.0234375
0 0.47734375 0.5126953125 0.0171875 0.033203125
0 0.5 0.4951171875 0.009375 0.013671875
0 0.53984375 0.494140625 0.0109375 0.015625
0 0.5234375 0.478515625 0.0125 0.015625
0 0.471875 0.4716796875 0.03125 0.017578125
0 0.446875 0.486328125 0.015625 0.02734375
0 0.16484375 0.6669921875 0.0203125 0.005859375
0 0.16484375 0.6748046875 0.0203125 0.005859375
0 0.16484375 0.6826171875 0.0203125 0.005859375
0 0.16328125 0.6904296875 0.0234375 0.009765625
0 0.1640625 0.7333984375 0.021875 0.013671875
0 0.25859375 0.669921875 0.0109375 0.015625
0 0.16171875 0.8955078125 0.0265625 0.013671875
