0 0.47890625 0.6484375 0.0171875 0.0234375
0 0.5390625 0.646484375 0.015625 0.0234375
0 0.59296875 0.646484375 0.0171875 0.01953125
0 0.5796875 0.6005859375 0.015625 0.021484375
0 0.54375 0.60546875 0.021875 0.03125
0 0.48203125 0.6005859375 0.0234375 0.044921875
0 0.5125 0.57421875 0.0125 0.01953125
0 0.56640625 0.572265625 0.0171875 0.0234375
0 0.54296875 0.5517578125 0.0140625 0.017578125
0 0.47578125 0.5419921875 0.0421875 0.025390625
0 0.44296875 0.5625 0.0203125 0.03515625
0 0.0265625 0.845703125 0.03125 0.01171875
0 0.02890625 0.8583984375 0.0296875 0.013671875
0 0.028125 0.8720703125 0.03125 0.013671875
0 0.025 0.88671875 0.03125 0.01171875
0 0.01796875 0.9580078125 0.0296875 0.021484375
0 0.16640625 0.8447265625 0.0171875 0.025390625
