0 0.4765625 0.548828125 0.00625 0.0078125
0 0.46171875 0.576171875 0.0078125 0.0078125
0 0.48671875 0.5732421875 0.0078125 0.009765625
0 0.51015625 0.5732421875 0.0078125 0.009765625
0 0.50625 0.55859375 0.00625 0.0078125
0 0.49140625 0.55859375 0.0078125 0.01171875
0 0.46328125 0.5576171875 0.0109375 0.021484375
0 0.50078125 0.548828125 0.0078125 0.0078125
0 0.49140625 0.5390625 0.0078125 0.01171875
0 0.46015625 0.537109375 0.0203125 0.01171875
0 0.4453125 0.54296875 0.009375 0.015625
0 0.2921875 0.6435546875 0.009375 0.001953125
0 0.29140625 0.6396484375 0.0109375 0.001953125
0 0.34140625 0.6357421875 0.0078125 0.009765625
0 0.303125 0.7294921875 0.0125 0.005859375
0 0.29453125 0.662109375 0.0109375 0.0078125
