0 0.478125 0.634765625 0.015625 0.0234375
0 0.5375 0.6328125 0.015625 0.0234375
0 0.58828125 0.6328125 0.0171875 0.01953125
0 0.575 0.58984375 0.015625 0.01953125
0 0.53984375 0.59375 0.0203125 0.03125
0 0.48125 0.5888671875 0.021875 0.041015625
0 0.5109375 0.564453125 0.0125 0.01953125
0 0.56328125 0.5634765625 0.0171875 0.021484375
0 0.540625 0.5419921875 0.015625 0.017578125
0 0.475 0.533203125 0.040625 0.0234375
0 0.44375 0.552734375 0.01875 0.03515625
0 0.0453125 0.822265625 0.028125 0.01171875
0 0.046875 0.833984375 0.028125 0.01171875
0 0.046875 0.845703125 0.028125 0.01171875
0 0.04375 0.859375 0.028125 0.01171875
0 0.0375 0.927734375 0.028125 0.01953125
0 0.1796875 0.8173828125 0.0125 0.021484375
