0 0.48203125 0.7099609375 0.0203125 0.029296875
0 0.5546875 0.7080078125 0.01875 0.025390625
0 0.615625 0.7080078125 0.01875 0.025390625
0 0.59921875 0.650390625 0.0171875 0.0234375
0 0.5578125 0.6552734375 0.021875 0.037109375
0 0.4875 0.6513671875 0.028125 0.052734375
0 0.5203125 0.6181640625 0.015625 0.021484375
0 0.58359375 0.6162109375 0.0203125 0.025390625
0 0.55703125 0.587890625 0.0171875 0.0234375
0 0.47890625 0.58203125 0.0515625 0.02734375
0 0.440625 0.6064453125 0.021875 0.041015625
0 0.1015625 0.96875 0.01875 0.02734375
