0 0.471875 0.5107421875 0.0125 0.017578125
0 0.5125 0.5107421875 0.0125 0.017578125
0 0.54765625 0.5107421875 0.0109375 0.013671875
0 0.540625 0.4853515625 0.009375 0.013671875
0 0.51640625 0.4873046875 0.0140625 0.021484375
0 0.475 0.4833984375 0.015625 0.029296875
0 0.49453125 0.4697265625 0.0109375 0.013671875
0 0.53203125 0.4677734375 0.0109375 0.013671875
0 0.51796875 0.455078125 0.0109375 0.01171875
0 0.46953125 0.4482421875 0.0296875 0.017578125
0 0.44765625 0.462890625 0.0140625 0.0234375
0 0.1953125 0.615234375 0.021875 0.0078125
0 0.19765625 0.6220703125 0.0203125 0.005859375
0 0.1984375 0.62890625 0.01875 0.0078125
0 0.19609375 0.63671875 0.0171875 0.0078125
0 0.1984375 0.6708984375 0.01875 0.013671875
0 0.28046875 0.6171875 0.0109375 0.015625
0 0.2046875 0.8056640625 0.025 0.013671875
