0 0.4765625 0.576171875 0.015625 0.01953125
0 0.52578125 0.576171875 0.0140625 0.01953125
0 0.56875 0.5751953125 0.015625 0.017578125
0 0.5578125 0.541015625 0.0125 0.015625
0 0.52890625 0.5439453125 0.0140625 0.025390625
0 0.47890625 0.5390625 0.0203125 0.0390625
0 0.50234375 0.51953125 0.0109375 0.015625
0 0.5484375 0.5185546875 0.0125 0.017578125
0 0.52890625 0.501953125 0.0140625 0.015625
0 0.47265625 0.494140625 0.0359375 0.01953125
0 0.4453125 0.51171875 0.015625 0.02734375
0 0.12265625 0.7197265625 0.0234375 0.009765625
0 0.125 0.728515625 0.021875 0.0078125
0 0.12421875 0.73828125 0.0234375 0.0078125
0 0.12265625 0.7490234375 0.0234375 0.009765625
0 0.121875 0.798828125 0.028125 0.01953125
0 0.23125 0.720703125 0.0125 0.015625
