0 0.471875 0.509765625 0.0125 0.015625
0 0.5109375 0.5078125 0.0125 0.015625
0 0.54609375 0.5087890625 0.0140625 0.013671875
0 0.5390625 0.482421875 0.009375 0.01171875
0 0.5140625 0.4853515625 0.0125 0.021484375
0 0.475 0.48046875 0.015625 0.03125
0 0.49375 0.466796875 0.0125 0.01171875
0 0.53046875 0.4658203125 0.0109375 0.013671875
0 0.51640625 0.4521484375 0.0109375 0.013671875
0 0.46953125 0.4462890625 0.0296875 0.017578125
0 0.44765625 0.4599609375 0.0109375 0.025390625
0 0.2015625 0.609375 0.01875 0.0078125
0 0.203125 0.6162109375 0.01875 0.005859375
0 0.203125 0.623046875 0.015625 0.00390625
0 0.203125 0.6298828125 0.015625 0.005859375
0 0.2046875 0.6640625 0.01875 0.01171875
0 0.209375 0.79296875 0.01875 0.01171875
0 0.2828125 0.611328125 0.009375 0.015625
