0 0.4625 0.599609375 0.009375 0.01171875
0 0.49140625 0.5986328125 0.0078125 0.009765625
0 0.51796875 0.6005859375 0.0078125 0.009765625
0 0.51171875 0.5810546875 0.0078125 0.009765625
0 0.49375 0.58203125 0.009375 0.015625
0 0.46484375 0.5791015625 0.0140625 0.021484375
0 0.478125 0.5712890625 0.009375 0.009765625
0 0.50625 0.5693359375 0.009375 0.009765625
0 0.4953125 0.5595703125 0.009375 0.009765625
0 0.4609375 0.556640625 0.021875 0.01171875
0 0.44375 0.5634765625 0.009375 0.017578125
0 0.2703125 0.6630859375 0.0125 0.005859375
0 0.271875 0.6689453125 0.0125 0.005859375
0 0.271875 0.673828125 0.0125 0.00390625
0 0.2734375 0.701171875 0.015625 0.01171875
0 0.328125 0.6669921875 0.009375 0.009765625
0 0.284375 0.77734375 0.0125 0.0078125
