0 0.49765625 0.626953125 0.0109375 0.01171875
0 0.46484375 0.626953125 0.0109375 0.01171875
0 0.52734375 0.626953125 0.0078125 0.01171875
0 0.52109375 0.6064453125 0.0078125 0.009765625
0 0.5015625 0.607421875 0.009375 0.015625
0 0.46796875 0.60546875 0.0109375 0.0234375
0 0.48359375 0.5947265625 0.0109375 0.009765625
0 0.51484375 0.5927734375 0.0078125 0.009765625
0 0.50390625 0.5830078125 0.0109375 0.013671875
0 0.46328125 0.578125 0.0234375 0.015625
0 0.44453125 0.587890625 0.0109375 0.01953125
0 0.24375 0.7021484375 0.015625 0.005859375
0 0.24453125 0.708984375 0.0140625 0.00390625
0 0.24453125 0.712890625 0.0140625 0.00390625
0 0.2453125 0.71875 0.0125 0.0078125
0 0.24765625 0.7431640625 0.0171875 0.009765625
0 0.31015625 0.705078125 0.0078125 0.01171875
0 0.2546875 0.83984375 0.01875 0.01171875
