0 0.46875 0.4912109375 0.009375 0.013671875
0 0.5046875 0.4892578125 0.0125 0.013671875
0 0.5359375 0.4892578125 0.0125 0.013671875
0 0.5296875 0.466796875 0.009375 0.01171875
0 0.5078125 0.4697265625 0.0125 0.017578125
0 0.471875 0.4658203125 0.015625 0.029296875
0 0.48828125 0.453125 0.0109375 0.01171875
0 0.52265625 0.4521484375 0.0109375 0.013671875
0 0.51015625 0.4384765625 0.0109375 0.013671875
0 0.4671875 0.4345703125 0.028125 0.017578125
0 0.44609375 0.447265625 0.0109375 0.0234375
0 0.2265625 0.5810546875 0.015625 0.005859375
0 0.22578125 0.5859375 0.0140625 0.00390625
0 0.22578125 0.591796875 0.0140625 0.00390625
0 0.225 0.5986328125 0.015625 0.005859375
0 0.22578125 0.62890625 0.0171875 0.01171875
0 0.23359375 0.7353515625 0.0171875 0.009765625
0 0.29921875 0.580078125 0.0109375 0.015625
