0 0.47421875 0.5380859375 0.0140625 0.017578125
0 0.5171875 0.5361328125 0.0125 0.017578125
0 0.55625 0.537109375 0.0125 0.015625
0 0.54765625 0.5078125 0.0109375 0.015625
0 0.521875 0.51171875 0.015625 0.0234375
0 0.4765625 0.5068359375 0.015625 0.033203125
0 0.4984375 0.4892578125 0.009375 0.013671875
0 0.53828125 0.48828125 0.0109375 0.015625
0 0.52265625 0.4736328125 0.0109375 0.013671875
0 0.47109375 0.4677734375 0.0296875 0.017578125
0 0.446875 0.4814453125 0.015625 0.025390625
0 0.17109375 0.65625 0.0203125 0.0078125
0 0.17109375 0.6630859375 0.0203125 0.005859375
0 0.17109375 0.671875 0.0203125 0.0078125
0 0.1703125 0.6796875 0.021875 0.0078125
0 0.17109375 0.7197265625 0.0203125 0.013671875
0 0.26328125 0.658203125 0.0109375 0.015625
0 0.17109375 0.8779296875 0.0265625 0.013671875
