0 0.4625 0.6015625 0.009375 0.01171875
0 0.49140625 0.6005859375 0.0078125 0.009765625
0 0.51796875 0.6005859375 0.0078125 0.009765625
0 0.5125 0.5830078125 0.00625 0.009765625
0 0.4953125 0.583984375 0.009375 0.015625
0 0.46484375 0.5810546875 0.0140625 0.021484375
0 0.478125 0.5732421875 0.009375 0.009765625
0 0.50703125 0.5712890625 0.0078125 0.009765625
0 0.49609375 0.5615234375 0.0109375 0.009765625
0 0.4609375 0.55859375 0.021875 0.01171875
0 0.44375 0.5654296875 0.009375 0.017578125
0 0.26875 0.6669921875 0.0125 0.005859375
0 0.2703125 0.6728515625 0.0125 0.005859375
0 0.2703125 0.677734375 0.0125 0.00390625
0 0.271875 0.703125 0.015625 0.01171875
0 0.3265625 0.6708984375 0.009375 0.009765625
0 0.2828125 0.78125 0.0125 0.0078125
