0 0.46796875 0.6357421875 0.0109375 0.013671875
0 0.50234375 0.634765625 0.0109375 0.01171875
0 0.53515625 0.634765625 0.0078125 0.01171875
0 0.5265625 0.6123046875 0.009375 0.009765625
0 0.50703125 0.6142578125 0.0109375 0.017578125
0 0.4703125 0.6103515625 0.015625 0.025390625
0 0.48671875 0.599609375 0.0109375 0.01171875
0 0.51953125 0.59765625 0.0109375 0.01171875
0 0.50703125 0.5859375 0.0109375 0.01171875
0 0.465625 0.5810546875 0.025 0.017578125
0 0.44453125 0.591796875 0.0140625 0.0234375
0 0.23046875 0.7216796875 0.0171875 0.005859375
0 0.23203125 0.728515625 0.0140625 0.00390625
0 0.2328125 0.734375 0.015625 0.00390625
0 0.23359375 0.7392578125 0.0140625 0.005859375
0 0.234375 0.765625 0.01875 0.01171875
0 0.30234375 0.7216796875 0.0078125 0.009765625
0 0.23984375 0.8701171875 0.0171875 0.009765625
