0 0.46640625 0.6337890625 0.0109375 0.013671875
0 0.50078125 0.6328125 0.0109375 0.01171875
0 0.53046875 0.6328125 0.0109375 0.01171875
0 0.5234375 0.611328125 0.009375 0.01171875
0 0.50390625 0.61328125 0.0109375 0.015625
0 0.46953125 0.609375 0.0140625 0.0234375
0 0.4859375 0.5986328125 0.009375 0.009765625
0 0.5171875 0.595703125 0.009375 0.01171875
0 0.5046875 0.5859375 0.009375 0.01171875
0 0.4640625 0.5810546875 0.025 0.017578125
0 0.44609375 0.591796875 0.0109375 0.0234375
0 0.23515625 0.7177734375 0.0171875 0.005859375
0 0.23671875 0.724609375 0.0140625 0.00390625
0 0.23671875 0.73046875 0.0140625 0.00390625
0 0.23828125 0.736328125 0.0140625 0.00390625
0 0.23984375 0.7607421875 0.0171875 0.009765625
0 0.30546875 0.7197265625 0.0078125 0.009765625
0 0.24609375 0.8623046875 0.0171875 0.009765625
