0 0.4765625 0.5859375 0.015625 0.01953125
0 0.52734375 0.5849609375 0.0140625 0.021484375
0 0.571875 0.5849609375 0.015625 0.017578125
0 0.5609375 0.548828125 0.0125 0.015625
0 0.53046875 0.5517578125 0.0140625 0.025390625
0 0.4796875 0.548828125 0.021875 0.0390625
0 0.503125 0.52734375 0.0125 0.015625
0 0.55 0.525390625 0.0125 0.015625
0 0.53046875 0.5087890625 0.0140625 0.017578125
0 0.47265625 0.5009765625 0.0359375 0.021484375
0 0.44453125 0.5185546875 0.0171875 0.029296875
0 0.1109375 0.7353515625 0.025 0.009765625
0 0.11328125 0.7451171875 0.0234375 0.009765625
0 0.1125 0.7548828125 0.025 0.009765625
0 0.11015625 0.7666015625 0.0234375 0.009765625
0 0.10859375 0.8173828125 0.0296875 0.021484375
0 0.2234375 0.7353515625 0.0125 0.017578125
