0 0.47734375 0.560546875 0.0078125 0.0078125
0 0.46328125 0.5888671875 0.0078125 0.009765625
0 0.4890625 0.5869140625 0.009375 0.009765625
0 0.51328125 0.5869140625 0.0078125 0.009765625
0 0.509375 0.5703125 0.00625 0.0078125
0 0.49296875 0.5712890625 0.0078125 0.013671875
0 0.4640625 0.5693359375 0.0125 0.021484375
0 0.50390625 0.5595703125 0.0078125 0.009765625
0 0.49375 0.55078125 0.009375 0.01171875
0 0.4609375 0.5478515625 0.021875 0.013671875
0 0.44375 0.5537109375 0.009375 0.017578125
0 0.28203125 0.6591796875 0.0109375 0.001953125
0 0.28125 0.654296875 0.0125 0.00390625
0 0.334375 0.6513671875 0.00625 0.009765625
0 0.29296875 0.7529296875 0.0140625 0.005859375
0 0.28515625 0.6806640625 0.0140625 0.009765625
