0 0.47109375 0.494140625 0.0109375 0.015625
0 0.509375 0.4921875 0.0125 0.015625
0 0.54296875 0.4931640625 0.0140625 0.013671875
0 0.5359375 0.46875 0.009375 0.01171875
0 0.5125 0.470703125 0.0125 0.01953125
0 0.475 0.466796875 0.015625 0.03125
0 0.4921875 0.453125 0.0125 0.01171875
0 0.52734375 0.4521484375 0.0109375 0.013671875
0 0.51484375 0.4384765625 0.0109375 0.013671875
0 0.46953125 0.4345703125 0.0296875 0.017578125
0 0.44765625 0.447265625 0.0109375 0.0234375
0 0.215625 0.583984375 0.01875 0.0078125
0 0.21796875 0.591796875 0.0171875 0.00390625
0 0.2171875 0.59765625 0.015625 0.00390625
0 0.2171875 0.6044921875 0.015625 0.005859375
0 0.21875 0.63671875 0.01875 0.01171875
0 0.22421875 0.751953125 0.0171875 0.01171875
0 0.29375 0.5859375 0.009375 0.015625
