0 0.478125 0.6376953125 0.015625 0.021484375
0 0.5375 0.6357421875 0.015625 0.021484375
0 0.58984375 0.6357421875 0.0171875 0.021484375
0 0.5765625 0.591796875 0.015625 0.01953125
0 0.540625 0.595703125 0.021875 0.03125
0 0.48125 0.591796875 0.021875 0.04296875
0 0.5109375 0.56640625 0.0125 0.01953125
0 0.5640625 0.5654296875 0.015625 0.021484375
0 0.540625 0.5439453125 0.015625 0.017578125
0 0.475 0.53515625 0.040625 0.0234375
0 0.44375 0.5546875 0.01875 0.03515625
0 0.0421875 0.8271484375 0.028125 0.009765625
0 0.04375 0.837890625 0.028125 0.01171875
0 0.04296875 0.8515625 0.0296875 0.01171875
0 0.03984375 0.865234375 0.0296875 0.01171875
0 0.034375 0.9345703125 0.028125 0.021484375
0 0.17890625 0.822265625 0.0171875 0.0234375
