0 0.4671875 0.6357421875 0.0125 0.013671875
0 0.50078125 0.634765625 0.0109375 0.01171875
0 0.53125 0.634765625 0.009375 0.01171875
0 0.52421875 0.6123046875 0.0078125 0.009765625
0 0.50546875 0.6142578125 0.0109375 0.017578125
0 0.46953125 0.611328125 0.0140625 0.0234375
0 0.4859375 0.599609375 0.009375 0.01171875
0 0.5171875 0.59765625 0.009375 0.01171875
0 0.5046875 0.587890625 0.009375 0.01171875
0 0.465625 0.58203125 0.025 0.015625
0 0.44453125 0.5927734375 0.0140625 0.021484375
0 0.2328125 0.7158203125 0.015625 0.005859375
0 0.23359375 0.72265625 0.0140625 0.00390625
0 0.234375 0.728515625 0.015625 0.00390625
0 0.23671875 0.734375 0.0140625 0.00390625
0 0.2375 0.759765625 0.01875 0.01171875
0 0.30390625 0.71875 0.0078125 0.01171875
0 0.24609375 0.8623046875 0.0171875 0.009765625
