0 0.4765625 0.552734375 0.00625 0.0078125
0 0.46171875 0.5810546875 0.0078125 0.009765625
0 0.4875 0.5791015625 0.009375 0.009765625
0 0.51171875 0.5791015625 0.0078125 0.009765625
0 0.5078125 0.5625 0.00625 0.0078125
0 0.49140625 0.5634765625 0.0078125 0.013671875
0 0.46328125 0.5615234375 0.0109375 0.021484375
0 0.50234375 0.552734375 0.0078125 0.0078125
0 0.4921875 0.54296875 0.009375 0.01171875
0 0.46015625 0.541015625 0.0203125 0.01171875
0 0.4453125 0.546875 0.009375 0.015625
0 0.28828125 0.6484375 0.0109375 0.00390625
0 0.2875 0.6435546875 0.0125 0.001953125
0 0.33828125 0.640625 0.0078125 0.0078125
0 0.29921875 0.7373046875 0.0140625 0.005859375
0 0.290625 0.6689453125 0.0125 0.009765625
