0 0.4765625 0.5966796875 0.015625 0.021484375
0 0.52890625 0.5947265625 0.0140625 0.021484375
0 0.575 0.5947265625 0.015625 0.017578125
0 0.56328125 0.556640625 0.0140625 0.015625
0 0.5328125 0.560546875 0.015625 0.02734375
0 0.4796875 0.5576171875 0.021875 0.041015625
0 0.5046875 0.5341796875 0.0125 0.017578125
0 0.5515625 0.5322265625 0.0125 0.017578125
0 0.53359375 0.515625 0.0140625 0.015625
0 0.47265625 0.5068359375 0.0390625 0.021484375
0 0.44296875 0.525390625 0.0171875 0.02734375
0 0.09765625 0.7529296875 0.0265625 0.009765625
0 0.1 0.7626953125 0.025 0.009765625
0 0.1 0.7724609375 0.025 0.009765625
0 0.09765625 0.7841796875 0.0234375 0.009765625
0 0.09453125 0.83984375 0.0296875 0.0234375
0 0.2140625 0.7529296875 0.0125 0.017578125
