0 0.47734375 0.6298828125 0.0171875 0.021484375
0 0.5359375 0.6279296875 0.015625 0.021484375
0 0.58671875 0.6279296875 0.0171875 0.021484375
0 0.5734375 0.5859375 0.015625 0.01953125
0 0.53828125 0.5888671875 0.0203125 0.029296875
0 0.48125 0.5849609375 0.021875 0.041015625
0 0.51015625 0.560546875 0.0140625 0.01953125
0 0.56171875 0.5595703125 0.0171875 0.021484375
0 0.5390625 0.5380859375 0.015625 0.017578125
0 0.47421875 0.529296875 0.0390625 0.0234375
0 0.44375 0.548828125 0.01875 0.03515625
0 0.05390625 0.8125 0.0265625 0.01171875
0 0.0546875 0.8232421875 0.028125 0.009765625
0 0.0546875 0.8359375 0.028125 0.01171875
0 0.0515625 0.849609375 0.028125 0.01171875
0 0.04609375 0.916015625 0.0265625 0.01953125
0 0.18515625 0.80859375 0.0140625 0.0234375
