0 0.47265625 0.50390625 0.0109375 0.015625
0 0.5109375 0.501953125 0.0125 0.015625
0 0.54453125 0.5 0.0140625 0.015625
0 0.5359375 0.474609375 0.009375 0.01171875
0 0.5140625 0.4794921875 0.0125 0.021484375
0 0.4765625 0.474609375 0.015625 0.03125
0 0.49375 0.4609375 0.0125 0.01171875
0 0.52890625 0.4580078125 0.0109375 0.013671875
0 0.51640625 0.4462890625 0.0109375 0.013671875
0 0.47109375 0.4404296875 0.0296875 0.017578125
0 0.44921875 0.4541015625 0.0109375 0.025390625
0 0.20625 0.599609375 0.01875 0.0078125
0 0.2078125 0.607421875 0.01875 0.00390625
0 0.2078125 0.61328125 0.015625 0.00390625
0 0.2078125 0.6201171875 0.015625 0.005859375
0 0.209375 0.654296875 0.01875 0.01171875
0 0.2140625 0.775390625 0.01875 0.01171875
0 0.2859375 0.6015625 0.009375 0.015625
