0 0.47421875 0.5419921875 0.0140625 0.017578125
0 0.51875 0.5400390625 0.0125 0.017578125
0 0.5578125 0.5400390625 0.0125 0.017578125
0 0.54921875 0.51171875 0.0109375 0.015625
0 0.52265625 0.5146484375 0.0171875 0.021484375
0 0.47734375 0.509765625 0.0171875 0.03125
0 0.4984375 0.4931640625 0.009375 0.013671875
0 0.53984375 0.4921875 0.0109375 0.015625
0 0.5234375 0.4765625 0.0125 0.015625
0 0.471875 0.4697265625 0.03125 0.017578125
0 0.446875 0.484375 0.015625 0.02734375
0 0.16796875 0.6611328125 0.0203125 0.005859375
0 0.16796875 0.6689453125 0.0203125 0.005859375
0 0.16796875 0.677734375 0.0203125 0.0078125
0 0.16640625 0.685546875 0.0234375 0.0078125
0 0.1671875 0.7275390625 0.021875 0.013671875
0 0.26015625 0.6640625 0.0109375 0.015625
0 0.16640625 0.8857421875 0.0265625 0.013671875
