0 0.4671875 0.6162109375 0.009375 0.013671875
0 0.50234375 0.6142578125 0.0109375 0.013671875
0 0.5328125 0.6142578125 0.0125 0.013671875
0 0.5265625 0.591796875 0.009375 0.01171875
0 0.50625 0.5947265625 0.0125 0.017578125
0 0.4703125 0.591796875 0.015625 0.02734375
0 0.48671875 0.578125 0.0109375 0.01171875
0 0.51953125 0.5771484375 0.0109375 0.013671875
0 0.50703125 0.5654296875 0.0109375 0.013671875
0 0.4671875 0.5615234375 0.028125 0.017578125
0 0.44609375 0.5732421875 0.0109375 0.021484375
0 0.23125 0.7021484375 0.015625 0.005859375
0 0.23046875 0.708984375 0.0140625 0.00390625
0 0.23046875 0.71484375 0.0140625 0.00390625
0 0.23125 0.7216796875 0.015625 0.005859375
0 0.23203125 0.748046875 0.0171875 0.01171875
0 0.23984375 0.8544921875 0.0171875 0.009765625
0 0.30078125 0.703125 0.0109375 0.015625
