0 0.47578125 0.60546875 0.0140625 0.01953125
0 0.53125 0.603515625 0.015625 0.01953125
0 0.578125 0.603515625 0.015625 0.01953125
0 0.56640625 0.56640625 0.0140625 0.01953125
0 0.5328125 0.568359375 0.01875 0.02734375
0 0.4796875 0.564453125 0.021875 0.03515625
0 0.50625 0.5419921875 0.0125 0.017578125
0 0.55546875 0.541015625 0.0140625 0.01953125
0 0.534375 0.521484375 0.015625 0.015625
0 0.4734375 0.5146484375 0.0375 0.021484375
0 0.44453125 0.5322265625 0.0171875 0.033203125
0 0.0875 0.7705078125 0.021875 0.009765625
0 0.08828125 0.779296875 0.0265625 0.0078125
0 0.08828125 0.7890625 0.0265625 0.0078125
0 0.08515625 0.80078125 0.0265625 0.01171875
0 0.08125 0.861328125 0.025 0.015625
0 0.20546875 0.7685546875 0.0140625 0.021484375
