0 0.47890625 0.650390625 0.0171875 0.0234375
0 0.540625 0.6484375 0.015625 0.0234375
0 0.59375 0.6474609375 0.01875 0.021484375
0 0.5796875 0.6025390625 0.015625 0.021484375
0 0.54375 0.60546875 0.021875 0.03125
0 0.48203125 0.6005859375 0.0234375 0.044921875
0 0.5125 0.576171875 0.0125 0.01953125
0 0.5671875 0.57421875 0.01875 0.0234375
0 0.54375 0.552734375 0.015625 0.01953125
0 0.47578125 0.54296875 0.0421875 0.0234375
0 0.44296875 0.5634765625 0.0203125 0.037109375
0 0.025 0.84765625 0.03125 0.01171875
0 0.0265625 0.8603515625 0.028125 0.013671875
0 0.02578125 0.8740234375 0.0296875 0.013671875
0 0.02265625 0.888671875 0.0296875 0.01171875
0 0.01640625 0.9619140625 0.0296875 0.021484375
0 0.16484375 0.8466796875 0.0171875 0.025390625
