0 0.4796875 0.5244140625 0.021875 0.037109375
0 0.5640625 0.5205078125 0.025 0.033203125
0 0.63984375 0.5224609375 0.0234375 0.029296875
0 0.61640625 0.4482421875 0.0203125 0.033203125
0 0.56796875 0.45703125 0.0296875 0.046875
0 0.48359375 0.4560546875 0.0359375 0.064453125
0 0.52421875 0.4140625 0.0203125 0.02734375
0 0.59765625 0.4052734375 0.0234375 0.029296875
0 0.5671875 0.3701171875 0.021875 0.029296875
0 0.4765625 0.3623046875 0.0625 0.033203125
0 0.42890625 0.3916015625 0.0265625 0.048828125
0 0.0125 0.8671875 0.021875 0.0390625
