0 0.48125 0.6875 0.01875 0.02734375
0 0.55 0.685546875 0.01875 0.0234375
0 0.6078125 0.685546875 0.01875 0.0234375
0 0.59296875 0.6328125 0.0171875 0.0234375
0 0.553125 0.6376953125 0.021875 0.037109375
0 0.48671875 0.6337890625 0.0265625 0.052734375
0 0.5171875 0.6025390625 0.015625 0.021484375
0 0.57734375 0.6005859375 0.0171875 0.025390625
0 0.553125 0.5751953125 0.015625 0.021484375
0 0.478125 0.5654296875 0.05 0.025390625
0 0.4421875 0.5869140625 0.01875 0.037109375
0 0.125 0.9248046875 0.015625 0.025390625
