0 0.4796875 0.5283203125 0.021875 0.037109375
0 0.5625 0.5244140625 0.025 0.033203125
0 0.63671875 0.5244140625 0.0234375 0.029296875
0 0.61484375 0.4541015625 0.0203125 0.033203125
0 0.5671875 0.462890625 0.028125 0.046875
0 0.48515625 0.455078125 0.0359375 0.0625
0 0.52421875 0.416015625 0.0203125 0.02734375
0 0.5953125 0.4130859375 0.021875 0.029296875
0 0.56640625 0.37890625 0.0234375 0.02734375
0 0.47578125 0.3662109375 0.0609375 0.033203125
0 0.43125 0.3994140625 0.025 0.048828125
0 0.025 0.8544921875 0.021875 0.037109375
