0 0.47734375 0.630859375 0.0171875 0.0234375
0 0.5359375 0.62890625 0.015625 0.0234375
0 0.58671875 0.62890625 0.0171875 0.01953125
0 0.5734375 0.5869140625 0.015625 0.021484375
0 0.53984375 0.58984375 0.0203125 0.03125
0 0.48125 0.5849609375 0.021875 0.041015625
0 0.51015625 0.5615234375 0.0140625 0.017578125
0 0.56171875 0.5595703125 0.0171875 0.021484375
0 0.53984375 0.5400390625 0.0140625 0.017578125
0 0.475 0.53125 0.040625 0.0234375
0 0.44375 0.55078125 0.01875 0.03515625
0 0.0515625 0.8154296875 0.028125 0.009765625
0 0.053125 0.826171875 0.028125 0.01171875
0 0.05234375 0.837890625 0.0296875 0.01171875
0 0.04921875 0.8515625 0.0296875 0.01171875
0 0.04375 0.9189453125 0.028125 0.017578125
0 0.18359375 0.8115234375 0.0140625 0.025390625
