0 0.4765625 0.615234375 0.015625 0.01953125
0 0.5328125 0.61328125 0.015625 0.01953125
0 0.58125 0.61328125 0.015625 0.01953125
0 0.56875 0.57421875 0.015625 0.01953125
0 0.5359375 0.5771484375 0.01875 0.029296875
0 0.48046875 0.572265625 0.0203125 0.0390625
0 0.5078125 0.5498046875 0.0125 0.017578125
0 0.5578125 0.548828125 0.015625 0.01953125
0 0.53671875 0.5283203125 0.0140625 0.017578125
0 0.4734375 0.5205078125 0.0375 0.021484375
0 0.44453125 0.5390625 0.0171875 0.03515625
0 0.07421875 0.7861328125 0.0234375 0.009765625
0 0.075 0.7958984375 0.025 0.009765625
0 0.07421875 0.8076171875 0.0265625 0.009765625
0 0.07109375 0.8203125 0.0265625 0.01171875
0 0.06796875 0.8818359375 0.0265625 0.017578125
0 0.19765625 0.7841796875 0.0140625 0.017578125
