0 0.46328125 0.5615234375 0.0078125 0.009765625
0 0.48828125 0.5595703125 0.0078125 0.009765625
0 0.51015625 0.560546875 0.0078125 0.0078125
0 0.5046875 0.544921875 0.00625 0.0078125
0 0.48984375 0.5458984375 0.0078125 0.013671875
0 0.46484375 0.54296875 0.0109375 0.015625
0 0.47734375 0.53515625 0.0078125 0.0078125
0 0.49921875 0.5341796875 0.0078125 0.009765625
0 0.49140625 0.52734375 0.0078125 0.0078125
0 0.4625 0.525390625 0.01875 0.0078125
0 0.446875 0.5302734375 0.009375 0.013671875
0 0.31484375 0.7021484375 0.0140625 0.009765625
0 0.30078125 0.611328125 0.0109375 0.00390625
0 0.303125 0.6171875 0.0125 0.00390625
0 0.30234375 0.62109375 0.0140625 0.00390625
0 0.303125 0.6259765625 0.0125 0.005859375
0 0.34921875 0.6171875 0.0078125 0.0078125
0 0.3046875 0.6416015625 0.0125 0.005859375
