0 0.4765625 0.5927734375 0.015625 0.021484375
0 0.528125 0.5908203125 0.015625 0.021484375
0 0.5734375 0.5908203125 0.015625 0.017578125
0 0.5625 0.5537109375 0.0125 0.013671875
0 0.53125 0.5576171875 0.015625 0.025390625
0 0.4796875 0.5537109375 0.021875 0.041015625
0 0.50390625 0.5322265625 0.0109375 0.017578125
0 0.5515625 0.5302734375 0.0125 0.017578125
0 0.53203125 0.5126953125 0.0140625 0.017578125
0 0.47265625 0.5048828125 0.0390625 0.021484375
0 0.44375 0.5224609375 0.015625 0.029296875
0 0.10234375 0.74609375 0.0265625 0.01171875
0 0.10546875 0.755859375 0.0234375 0.0078125
0 0.1046875 0.765625 0.025 0.0078125
0 0.103125 0.7763671875 0.025 0.009765625
0 0.10078125 0.8310546875 0.0296875 0.021484375
0 0.21796875 0.74609375 0.0109375 0.01953125
