0 0.47578125 0.5673828125 0.0140625 0.017578125
0 0.5234375 0.56640625 0.0125 0.01953125
0 0.565625 0.56640625 0.015625 0.015625
0 0.55546875 0.533203125 0.0109375 0.015625
0 0.52734375 0.53515625 0.0140625 0.0234375
0 0.47890625 0.53125 0.0203125 0.0390625
0 0.50078125 0.5126953125 0.0109375 0.013671875
0 0.5453125 0.51171875 0.0125 0.015625
0 0.52734375 0.4951171875 0.0140625 0.017578125
0 0.47265625 0.48828125 0.0359375 0.01953125
0 0.44609375 0.5048828125 0.0140625 0.029296875
0 0.134375 0.705078125 0.021875 0.0078125
0 0.1359375 0.712890625 0.021875 0.0078125
0 0.1359375 0.72265625 0.021875 0.0078125
0 0.134375 0.7314453125 0.021875 0.009765625
0 0.13359375 0.779296875 0.0265625 0.01953125
0 0.2390625 0.705078125 0.0125 0.015625
0 0.1296875 0.96484375 0.03125 0.015625
