0 0.475 0.5498046875 0.015625 0.017578125
0 0.5203125 0.5478515625 0.0125 0.017578125
0 0.56015625 0.5478515625 0.0140625 0.017578125
0 0.55078125 0.517578125 0.0109375 0.015625
0 0.52421875 0.521484375 0.0171875 0.0234375
0 0.47734375 0.5166015625 0.0171875 0.033203125
0 0.5 0.4990234375 0.009375 0.013671875
0 0.54140625 0.498046875 0.0109375 0.015625
0 0.525 0.482421875 0.0125 0.015625
0 0.471875 0.4755859375 0.03125 0.017578125
0 0.446875 0.490234375 0.015625 0.02734375
0 0.16015625 0.6708984375 0.0203125 0.005859375
0 0.16015625 0.6787109375 0.0203125 0.005859375
0 0.16015625 0.6875 0.0203125 0.0078125
0 0.15859375 0.6982421875 0.0234375 0.009765625
0 0.159375 0.7412109375 0.021875 0.013671875
0 0.25546875 0.67578125 0.0109375 0.015625
0 0.15625 0.9072265625 0.028125 0.013671875
