0 0.496875 0.6240234375 0.009375 0.013671875
0 0.46484375 0.6259765625 0.0109375 0.013671875
0 0.5265625 0.625 0.009375 0.01171875
0 0.5203125 0.603515625 0.009375 0.01171875
0 0.5 0.60546875 0.009375 0.015625
0 0.4671875 0.6025390625 0.0125 0.025390625
0 0.4828125 0.591796875 0.009375 0.01171875
0 0.51328125 0.591796875 0.0078125 0.01171875
0 0.50234375 0.580078125 0.0109375 0.01171875
0 0.46328125 0.5751953125 0.0234375 0.013671875
0 0.44453125 0.583984375 0.0109375 0.01953125
0 0.24609375 0.7001953125 0.0140625 0.005859375
0 0.24609375 0.70703125 0.0140625 0.00390625
0 0.246875 0.708984375 0.015625 0.00390625
0 0.2484375 0.7158203125 0.0125 0.005859375
0 0.25 0.740234375 0.01875 0.01171875
0 0.31171875 0.7021484375 0.0078125 0.009765625
0 0.2578125 0.833984375 0.01875 0.01171875
