0 0.478125 0.5654296875 0.009375 0.009765625
0 0.46328125 0.59375 0.0078125 0.01171875
0 0.490625 0.5927734375 0.009375 0.009765625
0 0.515625 0.59375 0.009375 0.01171875
0 0.5109375 0.576171875 0.00625 0.0078125
0 0.49375 0.576171875 0.009375 0.015625
0 0.4640625 0.5732421875 0.0125 0.021484375
0 0.50625 0.564453125 0.009375 0.01171875
0 0.4953125 0.5556640625 0.009375 0.009765625
0 0.4609375 0.5517578125 0.021875 0.013671875
0 0.44375 0.55859375 0.009375 0.01953125
0 0.2765625 0.666015625 0.0125 0.00390625
0 0.2765625 0.66015625 0.0125 0.00390625
0 0.33125 0.658203125 0.00625 0.0078125
0 0.28828125 0.763671875 0.0140625 0.0078125
0 0.2796875 0.6884765625 0.015625 0.009765625
