0 0.47578125 0.568359375 0.0140625 0.01953125
0 0.52421875 0.568359375 0.0140625 0.01953125
0 0.56640625 0.5673828125 0.0140625 0.017578125
0 0.55625 0.5341796875 0.0125 0.013671875
0 0.52734375 0.537109375 0.0140625 0.0234375
0 0.47890625 0.5322265625 0.0203125 0.037109375
0 0.50078125 0.513671875 0.0109375 0.015625
0 0.546875 0.51171875 0.0125 0.015625
0 0.52734375 0.49609375 0.0140625 0.015625
0 0.47265625 0.4892578125 0.0359375 0.017578125
0 0.44609375 0.505859375 0.0140625 0.02734375
0 0.13359375 0.7060546875 0.0234375 0.009765625
0 0.1359375 0.71484375 0.021875 0.0078125
0 0.13515625 0.724609375 0.0234375 0.0078125
0 0.1328125 0.7333984375 0.021875 0.009765625
0 0.1328125 0.78125 0.028125 0.01953125
0 0.23828125 0.70703125 0.0109375 0.015625
0 0.128125 0.96875 0.03125 0.015625
