0 0.47734375 0.5595703125 0.0078125 0.009765625
0 0.46328125 0.5869140625 0.0078125 0.009765625
0 0.4890625 0.5849609375 0.009375 0.009765625
0 0.51328125 0.5859375 0.0078125 0.01171875
0 0.509375 0.5703125 0.00625 0.0078125
0 0.49296875 0.5693359375 0.0078125 0.013671875
0 0.4640625 0.5673828125 0.0125 0.021484375
0 0.50390625 0.55859375 0.0078125 0.01171875
0 0.49375 0.5498046875 0.009375 0.009765625
0 0.4609375 0.5458984375 0.021875 0.013671875
0 0.44375 0.552734375 0.009375 0.01953125
0 0.28203125 0.6572265625 0.0109375 0.001953125
0 0.28203125 0.65234375 0.0109375 0.00390625
0 0.33515625 0.6494140625 0.0078125 0.009765625
0 0.29375 0.7509765625 0.0125 0.005859375
0 0.28515625 0.6787109375 0.0140625 0.009765625
