0 0.47265625 0.5283203125 0.0140625 0.017578125
0 0.515625 0.5263671875 0.0125 0.017578125
0 0.553125 0.52734375 0.0125 0.015625
0 0.54453125 0.4990234375 0.0109375 0.013671875
0 0.51875 0.501953125 0.015625 0.0234375
0 0.47578125 0.498046875 0.0171875 0.03125
0 0.496875 0.4814453125 0.009375 0.013671875
0 0.53515625 0.48046875 0.0109375 0.015625
0 0.5203125 0.4658203125 0.0125 0.013671875
0 0.4703125 0.4599609375 0.03125 0.017578125
0 0.44765625 0.4736328125 0.0140625 0.025390625
0 0.18046875 0.640625 0.0203125 0.0078125
0 0.18203125 0.6474609375 0.0203125 0.005859375
0 0.18203125 0.6552734375 0.0203125 0.005859375
0 0.18046875 0.6630859375 0.0203125 0.009765625
0 0.18203125 0.7021484375 0.0203125 0.013671875
0 0.26953125 0.642578125 0.0109375 0.015625
0 0.18359375 0.8486328125 0.0265625 0.013671875
