0 0.47578125 0.5517578125 0.0140625 0.017578125
0 0.5203125 0.55078125 0.0125 0.01953125
0 0.56015625 0.55078125 0.0140625 0.015625
0 0.55078125 0.5185546875 0.0109375 0.013671875
0 0.52421875 0.5205078125 0.0140625 0.021484375
0 0.478125 0.5166015625 0.01875 0.037109375
0 0.49921875 0.4990234375 0.0109375 0.013671875
0 0.5421875 0.498046875 0.0125 0.015625
0 0.52421875 0.482421875 0.0140625 0.015625
0 0.47265625 0.4765625 0.0328125 0.015625
0 0.44765625 0.4921875 0.0140625 0.02734375
0 0.15625 0.677734375 0.01875 0.0078125
0 0.15703125 0.68359375 0.0203125 0.0078125
0 0.15703125 0.693359375 0.0203125 0.0078125
0 0.15546875 0.7021484375 0.0203125 0.009765625
0 0.15625 0.7451171875 0.025 0.017578125
0 0.25234375 0.6787109375 0.0109375 0.013671875
0 0.15234375 0.9140625 0.0265625 0.015625
