0 0.4765625 0.52734375 0.021875 0.03515625
0 0.5625 0.5234375 0.025 0.03515625
0 0.63984375 0.5244140625 0.0234375 0.029296875
0 0.61640625 0.44921875 0.0203125 0.03515625
0 0.56640625 0.458984375 0.0296875 0.046875
0 0.48203125 0.4521484375 0.0359375 0.064453125
0 0.52265625 0.41015625 0.0203125 0.02734375
0 0.59609375 0.4072265625 0.0234375 0.029296875
0 0.56640625 0.37109375 0.0234375 0.02734375
0 0.475 0.361328125 0.0625 0.03515625
0 0.43046875 0.3974609375 0.0265625 0.048828125
0 0.01171875 0.869140625 0.0171875 0.04296875
