0 0.46953125 0.4921875 0.0109375 0.015625
0 0.5078125 0.490234375 0.0125 0.015625
0 0.540625 0.4912109375 0.0125 0.013671875
0 0.534375 0.466796875 0.009375 0.01171875
0 0.5109375 0.46875 0.0125 0.01953125
0 0.4734375 0.4658203125 0.015625 0.029296875
0 0.490625 0.451171875 0.0125 0.01171875
0 0.52578125 0.4501953125 0.0109375 0.013671875
0 0.51328125 0.4384765625 0.0109375 0.013671875
0 0.46796875 0.4326171875 0.0296875 0.017578125
0 0.44609375 0.4453125 0.0109375 0.0234375
0 0.21484375 0.583984375 0.0171875 0.0078125
0 0.21640625 0.591796875 0.0171875 0.00390625
0 0.21640625 0.59765625 0.0140625 0.00390625
0 0.215625 0.6044921875 0.015625 0.005859375
0 0.21796875 0.63671875 0.0171875 0.01171875
0 0.225 0.751953125 0.01875 0.01171875
0 0.2921875 0.5859375 0.009375 0.015625
