0 0.4765625 0.578125 0.015625 0.01953125
0 0.52578125 0.578125 0.0140625 0.01953125
0 0.56953125 0.5771484375 0.0140625 0.017578125
0 0.559375 0.54296875 0.0125 0.015625
0 0.52890625 0.5458984375 0.0140625 0.025390625
0 0.47890625 0.541015625 0.0203125 0.0390625
0 0.50234375 0.521484375 0.0109375 0.015625
0 0.5484375 0.51953125 0.0125 0.015625
0 0.52890625 0.5029296875 0.0140625 0.017578125
0 0.47265625 0.49609375 0.0359375 0.01953125
0 0.4453125 0.5126953125 0.015625 0.029296875
0 0.1203125 0.7236328125 0.025 0.009765625
0 0.12265625 0.732421875 0.0234375 0.0078125
0 0.121875 0.7421875 0.025 0.0078125
0 0.11953125 0.7529296875 0.0234375 0.009765625
0 0.11875 0.802734375 0.028125 0.01953125
0 0.2296875 0.7236328125 0.0125 0.017578125
