0 0.47578125 0.603515625 0.0140625 0.01953125
0 0.5296875 0.6015625 0.015625 0.01953125
0 0.578125 0.6015625 0.015625 0.01953125
0 0.565625 0.564453125 0.015625 0.01953125
0 0.5328125 0.5673828125 0.01875 0.029296875
0 0.47890625 0.5634765625 0.0203125 0.037109375
0 0.50625 0.541015625 0.0125 0.015625
0 0.5546875 0.5400390625 0.015625 0.017578125
0 0.53359375 0.521484375 0.0140625 0.015625
0 0.4734375 0.5126953125 0.0375 0.021484375
0 0.44453125 0.53125 0.0171875 0.03125
0 0.0890625 0.7666015625 0.021875 0.009765625
0 0.090625 0.7763671875 0.025 0.009765625
0 0.08984375 0.787109375 0.0265625 0.0078125
0 0.08671875 0.798828125 0.0265625 0.01171875
0 0.08359375 0.857421875 0.0265625 0.015625
0 0.20625 0.767578125 0.0125 0.0234375
