0 0.478125 0.5673828125 0.009375 0.009765625
0 0.46328125 0.595703125 0.0078125 0.01171875
0 0.490625 0.5947265625 0.009375 0.009765625
0 0.515625 0.595703125 0.009375 0.01171875
0 0.5109375 0.578125 0.00625 0.0078125
0 0.49375 0.578125 0.009375 0.015625
0 0.4640625 0.5751953125 0.0125 0.021484375
0 0.50625 0.56640625 0.009375 0.01171875
0 0.4953125 0.5576171875 0.009375 0.009765625
0 0.4609375 0.5537109375 0.021875 0.013671875
0 0.44375 0.560546875 0.009375 0.01953125
0 0.275 0.669921875 0.0125 0.00390625
0 0.275 0.6640625 0.0125 0.00390625
0 0.3296875 0.662109375 0.00625 0.0078125
0 0.28671875 0.76953125 0.0140625 0.0078125
0 0.278125 0.6923828125 0.015625 0.009765625
