0 0.4765625 0.55078125 0.00625 0.0078125
0 0.46171875 0.578125 0.0078125 0.0078125
0 0.48671875 0.5751953125 0.0078125 0.009765625
0 0.51015625 0.5751953125 0.0078125 0.009765625
0 0.50625 0.560546875 0.00625 0.0078125
0 0.49140625 0.560546875 0.0078125 0.01171875
0 0.46328125 0.5595703125 0.0109375 0.021484375
0 0.50078125 0.55078125 0.0078125 0.0078125
0 0.49140625 0.541015625 0.0078125 0.01171875
0 0.46015625 0.5390625 0.0203125 0.01171875
0 0.4453125 0.544921875 0.009375 0.015625
0 0.290625 0.6455078125 0.009375 0.001953125
0 0.28984375 0.6416015625 0.0109375 0.001953125
0 0.33984375 0.6376953125 0.0078125 0.009765625
0 0.3015625 0.7333984375 0.0125 0.005859375
0 0.29296875 0.666015625 0.0109375 0.0078125
