0 0.48125 0.68359375 0.01875 0.02734375
0 0.54921875 0.681640625 0.0171875 0.0234375
0 0.6078125 0.681640625 0.01875 0.0234375
0 0.5921875 0.62890625 0.015625 0.0234375
0 0.553125 0.6337890625 0.021875 0.037109375
0 0.48671875 0.6298828125 0.0265625 0.052734375
0 0.5171875 0.5986328125 0.015625 0.021484375
0 0.57734375 0.5966796875 0.0171875 0.025390625
0 0.553125 0.5712890625 0.015625 0.021484375
0 0.47890625 0.5625 0.0484375 0.02734375
0 0.44296875 0.5849609375 0.0203125 0.037109375
0 0.1265625 0.9208984375 0.015625 0.025390625
