0 0.46171875 0.5693359375 0.0078125 0.009765625
0 0.4875 0.568359375 0.00625 0.0078125
0 0.51171875 0.568359375 0.0078125 0.0078125
0 0.50625 0.5546875 0.00625 0.0078125
0 0.490625 0.5546875 0.009375 0.01171875
0 0.46328125 0.552734375 0.0109375 0.015625
0 0.4765625 0.544921875 0.00625 0.0078125
0 0.50078125 0.5439453125 0.0078125 0.009765625
0 0.4921875 0.5361328125 0.00625 0.009765625
0 0.4609375 0.533203125 0.01875 0.01171875
0 0.4453125 0.537109375 0.009375 0.015625
0 0.30859375 0.7177734375 0.0140625 0.009765625
0 0.29453125 0.623046875 0.0109375 0.00390625
0 0.2953125 0.62890625 0.0125 0.00390625
0 0.2953125 0.6328125 0.0125 0.00390625
0 0.296875 0.6376953125 0.0125 0.005859375
0 0.34453125 0.62890625 0.0078125 0.0078125
0 0.2984375 0.65625 0.0125 0.0078125
