0 0.4765625 0.552734375 0.00625 0.0078125
0 0.46171875 0.580078125 0.0078125 0.0078125
0 0.4875 0.5771484375 0.009375 0.009765625
0 0.51171875 0.5771484375 0.0078125 0.009765625
0 0.5078125 0.5625 0.00625 0.0078125
0 0.49140625 0.5625 0.0078125 0.01171875
0 0.46328125 0.5615234375 0.0109375 0.021484375
0 0.50234375 0.552734375 0.0078125 0.0078125
0 0.4921875 0.54296875 0.009375 0.01171875
0 0.46015625 0.541015625 0.0203125 0.01171875
0 0.4453125 0.546875 0.009375 0.015625
0 0.2890625 0.6474609375 0.009375 0.001953125
0 0.28828125 0.6435546875 0.0109375 0.001953125
0 0.3390625 0.6396484375 0.00625 0.009765625
0 0.3 0.7353515625 0.0125 0.005859375
0 0.29140625 0.66796875 0.0109375 0.0078125
