0 0.4765625 0.5966796875 0.015625 0.021484375
0 0.5296875 0.595703125 0.015625 0.01953125
0 0.575 0.5947265625 0.015625 0.017578125
0 0.5640625 0.55859375 0.0125 0.015625
0 0.5328125 0.5625 0.015625 0.02734375
0 0.4796875 0.55859375 0.021875 0.0390625
0 0.5046875 0.5361328125 0.0125 0.017578125
0 0.553125 0.5341796875 0.0125 0.017578125
0 0.53359375 0.5166015625 0.0140625 0.017578125
0 0.47265625 0.5078125 0.0390625 0.0234375
0 0.44296875 0.5263671875 0.0171875 0.029296875
0 0.09609375 0.75390625 0.0265625 0.01171875
0 0.09921875 0.7646484375 0.0234375 0.009765625
0 0.0984375 0.7744140625 0.025 0.009765625
0 0.09609375 0.7861328125 0.0234375 0.009765625
0 0.09375 0.841796875 0.03125 0.0234375
0 0.2140625 0.75390625 0.0125 0.01953125
