0 0.46953125 0.6396484375 0.0109375 0.013671875
0 0.503125 0.638671875 0.009375 0.01171875
0 0.53359375 0.638671875 0.0109375 0.01171875
0 0.5265625 0.6162109375 0.009375 0.009765625
0 0.50703125 0.6181640625 0.0109375 0.017578125
0 0.471875 0.6142578125 0.015625 0.025390625
0 0.4875 0.603515625 0.009375 0.01171875
0 0.5203125 0.6015625 0.009375 0.01171875
0 0.5078125 0.58984375 0.009375 0.01171875
0 0.4671875 0.5849609375 0.025 0.017578125
0 0.44609375 0.595703125 0.0140625 0.0234375
0 0.23203125 0.7236328125 0.0171875 0.005859375
0 0.23359375 0.73046875 0.0140625 0.00390625
0 0.23359375 0.736328125 0.0140625 0.00390625
0 0.23515625 0.7412109375 0.0140625 0.005859375
0 0.23515625 0.7666015625 0.0171875 0.009765625
0 0.303125 0.72265625 0.009375 0.0078125
0 0.24296875 0.8701171875 0.0171875 0.009765625
