0 0.4765625 0.5947265625 0.015625 0.021484375
0 0.528125 0.5927734375 0.015625 0.021484375
0 0.575 0.5927734375 0.015625 0.017578125
0 0.56328125 0.5546875 0.0140625 0.015625
0 0.53125 0.55859375 0.015625 0.02734375
0 0.4796875 0.5556640625 0.021875 0.041015625
0 0.5046875 0.533203125 0.0125 0.015625
0 0.5515625 0.5322265625 0.0125 0.017578125
0 0.53203125 0.5146484375 0.0140625 0.017578125
0 0.47265625 0.505859375 0.0390625 0.0234375
0 0.44296875 0.5244140625 0.0171875 0.029296875
0 0.10078125 0.75 0.0265625 0.01171875
0 0.103125 0.7587890625 0.025 0.009765625
0 0.10234375 0.7685546875 0.0265625 0.009765625
0 0.1 0.7802734375 0.025 0.009765625
0 0.09765625 0.8349609375 0.0296875 0.021484375
0 0.215625 0.75 0.0125 0.01953125
