0 0.4765625 0.6201171875 0.015625 0.021484375
0 0.534375 0.6181640625 0.015625 0.021484375
0 0.58359375 0.6181640625 0.0171875 0.021484375
0 0.5703125 0.578125 0.015625 0.01953125
0 0.53671875 0.5810546875 0.0203125 0.029296875
0 0.48046875 0.576171875 0.0203125 0.0390625
0 0.50859375 0.5537109375 0.0140625 0.017578125
0 0.559375 0.552734375 0.015625 0.01953125
0 0.5375 0.5322265625 0.015625 0.017578125
0 0.47421875 0.5234375 0.0390625 0.0234375
0 0.44375 0.54296875 0.01875 0.03515625
0 0.0671875 0.7958984375 0.025 0.009765625
0 0.06796875 0.8056640625 0.0265625 0.009765625
0 0.0671875 0.8173828125 0.028125 0.009765625
0 0.0640625 0.830078125 0.028125 0.01171875
0 0.06015625 0.89453125 0.0265625 0.01953125
0 0.19296875 0.79296875 0.0140625 0.0234375
