0 0.47265625 0.5166015625 0.0140625 0.017578125
0 0.5125 0.5166015625 0.0125 0.017578125
0 0.54921875 0.5166015625 0.0109375 0.013671875
0 0.5421875 0.490234375 0.009375 0.015625
0 0.5171875 0.4931640625 0.015625 0.021484375
0 0.475 0.48828125 0.015625 0.03125
0 0.49609375 0.4736328125 0.0109375 0.013671875
0 0.53359375 0.4716796875 0.0109375 0.013671875
0 0.51796875 0.458984375 0.0109375 0.01171875
0 0.46953125 0.4521484375 0.0296875 0.017578125
0 0.44765625 0.466796875 0.0140625 0.0234375
0 0.190625 0.625 0.021875 0.0078125
0 0.19140625 0.6318359375 0.0203125 0.005859375
0 0.1921875 0.638671875 0.01875 0.0078125
0 0.190625 0.646484375 0.01875 0.0078125
0 0.1921875 0.6826171875 0.01875 0.013671875
0 0.27734375 0.626953125 0.0109375 0.015625
0 0.196875 0.8212890625 0.025 0.013671875
