0 0.47578125 0.6015625 0.0140625 0.01953125
0 0.5296875 0.599609375 0.015625 0.01953125
0 0.5765625 0.599609375 0.015625 0.01953125
0 0.56484375 0.5625 0.0140625 0.01953125
0 0.5328125 0.564453125 0.01875 0.02734375
0 0.47890625 0.560546875 0.0203125 0.03515625
0 0.50625 0.5390625 0.0125 0.015625
0 0.55390625 0.5380859375 0.0140625 0.017578125
0 0.53359375 0.51953125 0.0140625 0.015625
0 0.47421875 0.5107421875 0.0359375 0.021484375
0 0.44453125 0.529296875 0.0171875 0.03125
0 0.09140625 0.76171875 0.0234375 0.0078125
0 0.090625 0.771484375 0.025 0.0078125
0 0.090625 0.78125 0.025 0.0078125
0 0.090625 0.79296875 0.025 0.01171875
0 0.0875 0.8515625 0.025 0.015625
0 0.209375 0.7626953125 0.0125 0.021484375
