0 0.47578125 0.5576171875 0.0140625 0.017578125
0 0.521875 0.556640625 0.0125 0.01953125
0 0.5625 0.556640625 0.015625 0.015625
0 0.55234375 0.5244140625 0.0109375 0.013671875
0 0.52578125 0.5263671875 0.0140625 0.021484375
0 0.478125 0.5224609375 0.01875 0.037109375
0 0.5 0.5048828125 0.0125 0.013671875
0 0.54375 0.50390625 0.0125 0.015625
0 0.52578125 0.48828125 0.0140625 0.015625
0 0.47265625 0.4814453125 0.0328125 0.017578125
0 0.446875 0.498046875 0.015625 0.02734375
0 0.1484375 0.6875 0.01875 0.0078125
0 0.14921875 0.6943359375 0.0203125 0.009765625
0 0.14921875 0.7041015625 0.0203125 0.009765625
0 0.14765625 0.7138671875 0.0203125 0.009765625
0 0.14765625 0.7578125 0.0265625 0.01953125
0 0.24765625 0.6884765625 0.0109375 0.013671875
0 0.14375 0.93359375 0.028125 0.015625
