0 0.46328125 0.615234375 0.0109375 0.01171875
0 0.49453125 0.6142578125 0.0078125 0.009765625
0 0.521875 0.6142578125 0.009375 0.009765625
0 0.515625 0.5966796875 0.00625 0.009765625
0 0.4984375 0.59765625 0.009375 0.015625
0 0.46640625 0.5947265625 0.0140625 0.021484375
0 0.48125 0.5859375 0.009375 0.01171875
0 0.51015625 0.583984375 0.0078125 0.01171875
0 0.49921875 0.57421875 0.0109375 0.01171875
0 0.46171875 0.5693359375 0.0234375 0.013671875
0 0.44296875 0.578125 0.0109375 0.01953125
0 0.25703125 0.6865234375 0.0140625 0.005859375
0 0.25703125 0.693359375 0.0140625 0.00390625
0 0.25703125 0.697265625 0.0140625 0.00390625
0 0.26015625 0.724609375 0.0171875 0.01171875
0 0.3171875 0.6904296875 0.009375 0.009765625
0 0.26875 0.8115234375 0.015625 0.009765625
