0 0.47578125 0.607421875 0.0140625 0.01953125
0 0.53125 0.60546875 0.015625 0.01953125
0 0.578125 0.60546875 0.015625 0.01953125
0 0.56640625 0.56640625 0.0140625 0.01953125
0 0.53359375 0.5693359375 0.0203125 0.029296875
0 0.4796875 0.5654296875 0.021875 0.037109375
0 0.50625 0.54296875 0.0125 0.015625
0 0.55546875 0.5419921875 0.0140625 0.017578125
0 0.53515625 0.5234375 0.0140625 0.015625
0 0.4734375 0.5146484375 0.0375 0.021484375
0 0.44453125 0.533203125 0.0171875 0.03125
0 0.0859375 0.7724609375 0.021875 0.009765625
0 0.0859375 0.78125 0.025 0.0078125
0 0.0859375 0.791015625 0.025 0.0078125
0 0.0828125 0.802734375 0.025 0.01171875
0 0.0796875 0.86328125 0.025 0.015625
0 0.2046875 0.771484375 0.0125 0.01953125
