0 0.4765625 0.61328125 0.015625 0.01953125
0 0.5328125 0.611328125 0.015625 0.01953125
0 0.58125 0.611328125 0.015625 0.01953125
0 0.56875 0.572265625 0.015625 0.01953125
0 0.53515625 0.5751953125 0.0203125 0.029296875
0 0.48046875 0.5712890625 0.0203125 0.037109375
0 0.5078125 0.5478515625 0.0125 0.017578125
0 0.55703125 0.546875 0.0140625 0.01953125
0 0.5359375 0.52734375 0.015625 0.015625
0 0.4734375 0.51953125 0.0375 0.0234375
0 0.44453125 0.5380859375 0.0171875 0.033203125
0 0.07578125 0.7841796875 0.0234375 0.009765625
0 0.07734375 0.7939453125 0.0265625 0.009765625
0 0.07734375 0.8046875 0.0265625 0.0078125
0 0.07421875 0.81640625 0.0265625 0.01171875
0 0.06953125 0.87890625 0.0265625 0.015625
0 0.2015625 0.78125 0.0125 0.01953125
