0 0.4796875 0.548828125 0.021875 0.03515625
0 0.5625 0.544921875 0.025 0.03125
0 0.6359375 0.5478515625 0.021875 0.029296875
0 0.6140625 0.4755859375 0.021875 0.033203125
0 0.5671875 0.484375 0.028125 0.046875
0 0.4828125 0.4794921875 0.034375 0.060546875
0 0.521875 0.439453125 0.01875 0.02734375
0 0.5953125 0.435546875 0.021875 0.02734375
0 0.5640625 0.404296875 0.021875 0.02734375
0 0.475 0.3935546875 0.059375 0.033203125
0 0.43125 0.423828125 0.025 0.046875
0 0.028125 0.876953125 0.021875 0.03515625
