0 0.48125 0.689453125 0.01875 0.02734375
0 0.55 0.6875 0.01875 0.0234375
0 0.609375 0.6884765625 0.01875 0.025390625
0 0.59375 0.634765625 0.015625 0.0234375
0 0.55390625 0.638671875 0.0203125 0.03515625
0 0.48671875 0.6357421875 0.0265625 0.052734375
0 0.5171875 0.603515625 0.015625 0.0234375
0 0.57890625 0.6025390625 0.0171875 0.025390625
0 0.553125 0.576171875 0.015625 0.0234375
0 0.478125 0.5673828125 0.05 0.025390625
0 0.4421875 0.5888671875 0.01875 0.037109375
0 0.1234375 0.9287109375 0.015625 0.025390625
