0 0.4765625 0.5810546875 0.015625 0.021484375
0 0.52578125 0.580078125 0.0140625 0.01953125
0 0.5703125 0.5791015625 0.015625 0.017578125
0 0.559375 0.5439453125 0.0125 0.013671875
0 0.5296875 0.5478515625 0.015625 0.025390625
0 0.47890625 0.54296875 0.0203125 0.0390625
0 0.50234375 0.5234375 0.0109375 0.015625
0 0.5484375 0.521484375 0.0125 0.015625
0 0.53046875 0.5048828125 0.0140625 0.017578125
0 0.47265625 0.4970703125 0.0359375 0.021484375
0 0.4453125 0.5146484375 0.015625 0.029296875
0 0.1171875 0.7275390625 0.025 0.009765625
0 0.11953125 0.736328125 0.0234375 0.0078125
0 0.11953125 0.74609375 0.0234375 0.0078125
0 0.11796875 0.7568359375 0.0234375 0.009765625
0 0.115625 0.8076171875 0.028125 0.021484375
0 0.22734375 0.7275390625 0.0109375 0.017578125
