0 0.4765625 0.6259765625 0.015625 0.021484375
0 0.534375 0.6240234375 0.015625 0.021484375
0 0.58515625 0.623046875 0.0171875 0.01953125
0 0.571875 0.58203125 0.015625 0.01953125
0 0.53828125 0.5849609375 0.0203125 0.029296875
0 0.48125 0.5810546875 0.021875 0.041015625
0 0.509375 0.5576171875 0.0125 0.017578125
0 0.5609375 0.5556640625 0.015625 0.021484375
0 0.53828125 0.5361328125 0.0140625 0.017578125
0 0.47421875 0.52734375 0.0390625 0.0234375
0 0.44375 0.546875 0.01875 0.03515625
0 0.05859375 0.8056640625 0.0265625 0.009765625
0 0.06015625 0.81640625 0.0265625 0.01171875
0 0.059375 0.8271484375 0.028125 0.009765625
0 0.05625 0.83984375 0.028125 0.01171875
0 0.0515625 0.9072265625 0.028125 0.017578125
0 0.1890625 0.8017578125 0.015625 0.025390625
