0 0.46171875 0.5712890625 0.0078125 0.009765625
0 0.4875 0.5693359375 0.00625 0.009765625
0 0.51171875 0.5703125 0.0078125 0.0078125
0 0.50625 0.5546875 0.00625 0.0078125
0 0.490625 0.5556640625 0.009375 0.013671875
0 0.46328125 0.552734375 0.0109375 0.015625
0 0.4765625 0.544921875 0.00625 0.0078125
0 0.50078125 0.5439453125 0.0078125 0.009765625
0 0.4921875 0.5361328125 0.00625 0.009765625
0 0.4609375 0.5341796875 0.01875 0.009765625
0 0.4453125 0.5380859375 0.009375 0.013671875
0 0.3078125 0.7216796875 0.0125 0.009765625
0 0.29453125 0.623046875 0.0109375 0.00390625
0 0.2953125 0.62890625 0.0125 0.00390625
0 0.2953125 0.634765625 0.0125 0.00390625
0 0.29609375 0.638671875 0.0140625 0.00390625
0 0.34296875 0.62890625 0.0078125 0.0078125
0 0.296875 0.658203125 0.0125 0.0078125
