0 0.4765625 0.5986328125 0.015625 0.021484375
0 0.5296875 0.5966796875 0.015625 0.021484375
0 0.5765625 0.5966796875 0.015625 0.017578125
0 0.56484375 0.55859375 0.0140625 0.015625
0 0.5328125 0.5625 0.015625 0.02734375
0 0.4796875 0.5595703125 0.021875 0.041015625
0 0.5046875 0.5361328125 0.0125 0.017578125
0 0.553125 0.5341796875 0.0125 0.017578125
0 0.53359375 0.5166015625 0.0140625 0.017578125
0 0.47265625 0.5078125 0.0390625 0.0234375
0 0.44296875 0.5263671875 0.0171875 0.029296875
0 0.0953125 0.755859375 0.028125 0.01171875
0 0.0984375 0.7666015625 0.025 0.009765625
0 0.09765625 0.7763671875 0.0265625 0.009765625
0 0.0953125 0.7880859375 0.025 0.009765625
0 0.0921875 0.84375 0.03125 0.0234375
0 0.2125 0.755859375 0.0125 0.01953125
