0 0.4796875 0.66015625 0.01875 0.0234375
0 0.5421875 0.658203125 0.015625 0.0234375
0 0.59765625 0.6591796875 0.0171875 0.021484375
0 0.58359375 0.6103515625 0.0171875 0.021484375
0 0.5453125 0.615234375 0.021875 0.03125
0 0.4828125 0.609375 0.025 0.046875
0 0.51328125 0.583984375 0.0140625 0.01953125
0 0.5703125 0.58203125 0.01875 0.0234375
0 0.5453125 0.560546875 0.015625 0.01953125
0 0.4765625 0.5498046875 0.04375 0.025390625
0 0.44140625 0.5712890625 0.0203125 0.037109375
0 0.1515625 0.8720703125 0.01875 0.025390625
