0 0.46328125 0.6123046875 0.0109375 0.013671875
0 0.49296875 0.6123046875 0.0078125 0.009765625
0 0.521875 0.6123046875 0.009375 0.009765625
0 0.51484375 0.5927734375 0.0078125 0.009765625
0 0.496875 0.59375 0.009375 0.015625
0 0.46640625 0.5908203125 0.0140625 0.021484375
0 0.4796875 0.5830078125 0.009375 0.009765625
0 0.509375 0.5810546875 0.009375 0.009765625
0 0.49765625 0.5712890625 0.0109375 0.009765625
0 0.46171875 0.5673828125 0.0234375 0.013671875
0 0.44296875 0.5751953125 0.0109375 0.017578125
0 0.25859375 0.6826171875 0.0140625 0.005859375
0 0.259375 0.6884765625 0.0125 0.005859375
0 0.259375 0.693359375 0.0125 0.00390625
0 0.26171875 0.720703125 0.0171875 0.01171875
0 0.31875 0.6865234375 0.009375 0.009765625
0 0.27109375 0.8056640625 0.0140625 0.009765625
