0 0.47265625 0.5224609375 0.0140625 0.017578125
0 0.5140625 0.5224609375 0.0125 0.017578125
0 0.5515625 0.521484375 0.0125 0.015625
0 0.54375 0.4951171875 0.009375 0.013671875
0 0.51875 0.4970703125 0.015625 0.021484375
0 0.47578125 0.4931640625 0.0171875 0.029296875
0 0.49609375 0.4775390625 0.0109375 0.013671875
0 0.53515625 0.4765625 0.0109375 0.015625
0 0.51953125 0.462890625 0.0109375 0.01171875
0 0.4703125 0.4560546875 0.03125 0.017578125
0 0.44765625 0.470703125 0.0140625 0.0234375
0 0.18515625 0.6328125 0.0203125 0.0078125
0 0.18671875 0.6396484375 0.0203125 0.005859375
0 0.1875 0.646484375 0.01875 0.0078125
0 0.18515625 0.654296875 0.0203125 0.0078125
0 0.18671875 0.6923828125 0.0203125 0.013671875
0 0.27265625 0.634765625 0.0109375 0.015625
0 0.190625 0.8349609375 0.025 0.013671875
