0 0.46328125 0.5615234375 0.0078125 0.009765625
0 0.48828125 0.560546875 0.0078125 0.0078125
0 0.51015625 0.560546875 0.0078125 0.0078125
0 0.5046875 0.546875 0.00625 0.0078125
0 0.48984375 0.546875 0.0078125 0.01171875
0 0.46484375 0.544921875 0.0109375 0.015625
0 0.47734375 0.537109375 0.0078125 0.0078125
0 0.49921875 0.5361328125 0.0078125 0.009765625
0 0.49140625 0.529296875 0.0078125 0.0078125
0 0.4625 0.5263671875 0.01875 0.009765625
0 0.446875 0.53125 0.009375 0.015625
0 0.3140625 0.7060546875 0.015625 0.009765625
0 0.29921875 0.61328125 0.0109375 0.00390625
0 0.3015625 0.619140625 0.0125 0.00390625
0 0.30078125 0.623046875 0.0140625 0.00390625
0 0.30234375 0.6279296875 0.0109375 0.005859375
0 0.34921875 0.619140625 0.0078125 0.0078125
0 0.3046875 0.64453125 0.0125 0.0078125
