0 0.46875 0.484375 0.009375 0.015625
0 0.50546875 0.482421875 0.0109375 0.015625
0 0.5375 0.4833984375 0.0125 0.013671875
0 0.53125 0.458984375 0.009375 0.01171875
0 0.509375 0.4609375 0.0125 0.01953125
0 0.471875 0.4580078125 0.015625 0.029296875
0 0.4890625 0.443359375 0.0125 0.01171875
0 0.52265625 0.4423828125 0.0109375 0.013671875
0 0.51015625 0.4306640625 0.0109375 0.013671875
0 0.4671875 0.4267578125 0.028125 0.017578125
0 0.44609375 0.4384765625 0.0109375 0.021484375
0 0.22265625 0.5732421875 0.0171875 0.005859375
0 0.2234375 0.580078125 0.015625 0.00390625
0 0.2234375 0.5859375 0.015625 0.00390625
0 0.2234375 0.5927734375 0.015625 0.005859375
0 0.225 0.62109375 0.01875 0.01171875
0 0.23046875 0.73046875 0.0171875 0.01171875
0 0.296875 0.57421875 0.009375 0.015625
