0 0.46640625 0.6337890625 0.0109375 0.013671875
0 0.5 0.6328125 0.009375 0.01171875
0 0.5296875 0.6328125 0.009375 0.01171875
0 0.5234375 0.6123046875 0.009375 0.009765625
0 0.50390625 0.6142578125 0.0109375 0.017578125
0 0.46875 0.609375 0.015625 0.0234375
0 0.484375 0.5986328125 0.009375 0.009765625
0 0.5171875 0.59765625 0.009375 0.01171875
0 0.5046875 0.5859375 0.009375 0.01171875
0 0.4640625 0.5810546875 0.025 0.017578125
0 0.44453125 0.591796875 0.0109375 0.0234375
0 0.2359375 0.7177734375 0.015625 0.005859375
0 0.23671875 0.724609375 0.0140625 0.00390625
0 0.2375 0.728515625 0.015625 0.00390625
0 0.23984375 0.7333984375 0.0140625 0.005859375
0 0.240625 0.759765625 0.01875 0.01171875
0 0.30703125 0.7197265625 0.0078125 0.009765625
0 0.24765625 0.8583984375 0.0171875 0.009765625
