0 0.478125 0.517578125 0.021875 0.03515625
0 0.5609375 0.5146484375 0.025 0.033203125
0 0.6359375 0.515625 0.021875 0.02734375
0 0.61328125 0.4423828125 0.0203125 0.033203125
0 0.565625 0.451171875 0.028125 0.046875
0 0.48359375 0.4443359375 0.0359375 0.064453125
0 0.5234375 0.40234375 0.01875 0.02734375
0 0.5953125 0.400390625 0.021875 0.02734375
0 0.565625 0.3662109375 0.021875 0.029296875
0 0.47578125 0.3583984375 0.0609375 0.033203125
0 0.4296875 0.3876953125 0.025 0.048828125
0 0.01875 0.8544921875 0.021875 0.037109375
