0 0.4765625 0.587890625 0.015625 0.01953125
0 0.52734375 0.5869140625 0.0140625 0.021484375
0 0.57265625 0.5869140625 0.0140625 0.017578125
0 0.56171875 0.55078125 0.0140625 0.015625
0 0.53125 0.5537109375 0.015625 0.025390625
0 0.4796875 0.55078125 0.021875 0.0390625
0 0.503125 0.5283203125 0.0125 0.017578125
0 0.55 0.5263671875 0.0125 0.017578125
0 0.53203125 0.509765625 0.0140625 0.015625
0 0.47265625 0.5009765625 0.0390625 0.021484375
0 0.44375 0.51953125 0.015625 0.02734375
0 0.10859375 0.7392578125 0.0265625 0.009765625
0 0.1109375 0.7490234375 0.025 0.009765625
0 0.1109375 0.7587890625 0.025 0.009765625
0 0.10859375 0.7685546875 0.0234375 0.009765625
0 0.10546875 0.822265625 0.0296875 0.0234375
0 0.221875 0.7392578125 0.0125 0.017578125
