0 0.47578125 0.6083984375 0.0140625 0.021484375
0 0.53125 0.6064453125 0.015625 0.021484375
0 0.57890625 0.60546875 0.0171875 0.01953125
0 0.56640625 0.568359375 0.0140625 0.01953125
0 0.534375 0.5703125 0.01875 0.02734375
0 0.4796875 0.5673828125 0.021875 0.037109375
0 0.5078125 0.5439453125 0.0125 0.017578125
0 0.55546875 0.54296875 0.0140625 0.01953125
0 0.53515625 0.5234375 0.0140625 0.015625
0 0.4734375 0.515625 0.0375 0.0234375
0 0.44453125 0.5341796875 0.0171875 0.033203125
0 0.0828125 0.7744140625 0.021875 0.009765625
0 0.084375 0.7841796875 0.025 0.009765625
0 0.084375 0.7939453125 0.025 0.009765625
0 0.08125 0.806640625 0.025 0.01171875
0 0.07734375 0.8671875 0.0265625 0.015625
0 0.2046875 0.7734375 0.0125 0.0234375
