0 0.47421875 0.5283203125 0.0140625 0.017578125
0 0.515625 0.5283203125 0.0125 0.017578125
0 0.553125 0.52734375 0.0125 0.015625
0 0.5453125 0.5 0.009375 0.015625
0 0.5203125 0.5029296875 0.015625 0.021484375
0 0.4765625 0.498046875 0.015625 0.03125
0 0.49765625 0.4833984375 0.0109375 0.013671875
0 0.53671875 0.4814453125 0.0109375 0.013671875
0 0.52109375 0.4677734375 0.0109375 0.013671875
0 0.47109375 0.4599609375 0.0296875 0.017578125
0 0.446875 0.4755859375 0.015625 0.025390625
0 0.1796875 0.6416015625 0.021875 0.005859375
0 0.18046875 0.6494140625 0.0203125 0.005859375
0 0.18125 0.65625 0.01875 0.0078125
0 0.17890625 0.6640625 0.0203125 0.0078125
0 0.18046875 0.7021484375 0.0203125 0.013671875
0 0.26953125 0.64453125 0.0109375 0.015625
0 0.1828125 0.8525390625 0.025 0.013671875
