0 0.47578125 0.5703125 0.0140625 0.01953125
0 0.52421875 0.5703125 0.0140625 0.01953125
0 0.56640625 0.5693359375 0.0140625 0.017578125
0 0.55625 0.5361328125 0.0125 0.013671875
0 0.52734375 0.5390625 0.0140625 0.0234375
0 0.47890625 0.5341796875 0.0203125 0.037109375
0 0.5015625 0.515625 0.0125 0.015625
0 0.546875 0.513671875 0.0125 0.015625
0 0.52734375 0.4970703125 0.0140625 0.017578125
0 0.47265625 0.490234375 0.0359375 0.01953125
0 0.4453125 0.5068359375 0.015625 0.029296875
0 0.13125 0.7099609375 0.021875 0.009765625
0 0.1328125 0.7177734375 0.021875 0.009765625
0 0.13203125 0.7275390625 0.0234375 0.009765625
0 0.13046875 0.7373046875 0.0234375 0.009765625
0 0.1296875 0.78515625 0.028125 0.01953125
0 0.23671875 0.7109375 0.0109375 0.015625
0 0.125 0.974609375 0.03125 0.015625
