0 0.46328125 0.5576171875 0.0078125 0.009765625
0 0.48828125 0.556640625 0.0078125 0.0078125
0 0.50859375 0.556640625 0.0078125 0.0078125
0 0.5046875 0.54296875 0.00625 0.0078125
0 0.48984375 0.54296875 0.0078125 0.01171875
0 0.465625 0.541015625 0.009375 0.015625
0 0.47734375 0.533203125 0.0078125 0.0078125
0 0.49921875 0.5322265625 0.0078125 0.009765625
0 0.49140625 0.525390625 0.0078125 0.0078125
0 0.4625 0.5224609375 0.01875 0.009765625
0 0.4484375 0.52734375 0.009375 0.015625
0 0.3171875 0.6962890625 0.015625 0.009765625
0 0.30234375 0.607421875 0.0109375 0.00390625
0 0.3046875 0.61328125 0.0125 0.00390625
0 0.30390625 0.6171875 0.0140625 0.00390625
0 0.30546875 0.6220703125 0.0109375 0.005859375
0 0.35234375 0.61328125 0.0078125 0.0078125
0 0.3078125 0.6376953125 0.0125 0.005859375
