0 0.47578125 0.5556640625 0.0140625 0.017578125
0 0.521875 0.5546875 0.0125 0.01953125
0 0.56171875 0.5546875 0.0140625 0.015625
0 0.55234375 0.5224609375 0.0109375 0.013671875
0 0.52578125 0.5244140625 0.0140625 0.021484375
0 0.478125 0.5205078125 0.01875 0.037109375
0 0.49921875 0.5029296875 0.0109375 0.013671875
0 0.54375 0.501953125 0.0125 0.015625
0 0.52578125 0.486328125 0.0140625 0.015625
0 0.47265625 0.48046875 0.0328125 0.015625
0 0.44765625 0.49609375 0.0140625 0.02734375
0 0.15078125 0.68359375 0.0203125 0.0078125
0 0.15234375 0.69140625 0.0203125 0.0078125
0 0.15234375 0.701171875 0.0203125 0.0078125
0 0.15078125 0.7099609375 0.0203125 0.009765625
0 0.15078125 0.75390625 0.0265625 0.01953125
0 0.24921875 0.6845703125 0.0109375 0.013671875
0 0.146875 0.92578125 0.028125 0.015625
