0 0.47109375 0.4892578125 0.0109375 0.013671875
0 0.5078125 0.4873046875 0.0125 0.013671875
0 0.540625 0.4873046875 0.0125 0.013671875
0 0.534375 0.462890625 0.009375 0.01171875
0 0.5109375 0.466796875 0.0125 0.01953125
0 0.4734375 0.4619140625 0.015625 0.029296875
0 0.49140625 0.44921875 0.0109375 0.01171875
0 0.52578125 0.4482421875 0.0109375 0.013671875
0 0.51328125 0.4345703125 0.0109375 0.013671875
0 0.46875 0.4306640625 0.028125 0.017578125
0 0.44765625 0.443359375 0.0109375 0.0234375
0 0.21796875 0.5791015625 0.0171875 0.005859375
0 0.2203125 0.5869140625 0.015625 0.005859375
0 0.2203125 0.59375 0.015625 0.00390625
0 0.2203125 0.5986328125 0.015625 0.005859375
0 0.221875 0.62890625 0.01875 0.01171875
0 0.22890625 0.7392578125 0.0171875 0.009765625
0 0.29453125 0.58203125 0.0109375 0.015625
