0 0.46328125 0.5537109375 0.0078125 0.009765625
0 0.48828125 0.552734375 0.0078125 0.0078125
0 0.50859375 0.552734375 0.0078125 0.0078125
0 0.5046875 0.5390625 0.00625 0.0078125
0 0.48984375 0.5390625 0.0078125 0.01171875
0 0.465625 0.537109375 0.00625 0.015625
0 0.4765625 0.529296875 0.00625 0.0078125
0 0.5 0.529296875 0.00625 0.0078125
0 0.490625 0.521484375 0.00625 0.0078125
0 0.46328125 0.521484375 0.0171875 0.0078125
0 0.4484375 0.5244140625 0.009375 0.013671875
0 0.3203125 0.6904296875 0.015625 0.009765625
0 0.309375 0.6025390625 0.0125 0.001953125
0 0.30859375 0.611328125 0.0109375 0.00390625
0 0.30859375 0.6064453125 0.0109375 0.005859375
0 0.309375 0.6162109375 0.009375 0.005859375
0 0.35390625 0.607421875 0.0078125 0.0078125
0 0.3109375 0.6318359375 0.0125 0.005859375
