0 0.471875 0.5087890625 0.0125 0.017578125
0 0.5109375 0.5087890625 0.0125 0.017578125
0 0.546875 0.5087890625 0.0125 0.013671875
0 0.5390625 0.4833984375 0.009375 0.013671875
0 0.51484375 0.4853515625 0.0140625 0.021484375
0 0.475 0.4814453125 0.015625 0.029296875
0 0.49453125 0.4677734375 0.0109375 0.013671875
0 0.53046875 0.4658203125 0.0109375 0.013671875
0 0.51640625 0.453125 0.0109375 0.01171875
0 0.46953125 0.4462890625 0.0296875 0.017578125
0 0.44765625 0.4609375 0.0140625 0.0234375
0 0.196875 0.61328125 0.021875 0.0078125
0 0.19921875 0.6201171875 0.0203125 0.005859375
0 0.2 0.6259765625 0.01875 0.005859375
0 0.19765625 0.6328125 0.0171875 0.0078125
0 0.2 0.6669921875 0.01875 0.013671875
0 0.28203125 0.615234375 0.0109375 0.015625
0 0.20703125 0.8017578125 0.0234375 0.013671875
