0 0.47578125 0.5693359375 0.0140625 0.017578125
0 0.52421875 0.568359375 0.0140625 0.01953125
0 0.56640625 0.568359375 0.0140625 0.015625
0 0.55625 0.53515625 0.0125 0.015625
0 0.52734375 0.537109375 0.0140625 0.0234375
0 0.47890625 0.533203125 0.0203125 0.0390625
0 0.5015625 0.513671875 0.0125 0.015625
0 0.546875 0.5126953125 0.0125 0.017578125
0 0.52734375 0.49609375 0.0140625 0.015625
0 0.47265625 0.4892578125 0.0359375 0.017578125
0 0.4453125 0.505859375 0.015625 0.02734375
0 0.1328125 0.7080078125 0.021875 0.009765625
0 0.134375 0.7158203125 0.021875 0.009765625
0 0.13359375 0.7255859375 0.0234375 0.009765625
0 0.13125 0.7353515625 0.021875 0.009765625
0 0.13125 0.783203125 0.028125 0.01953125
0 0.2375 0.708984375 0.0125 0.015625
0 0.1265625 0.97265625 0.03125 0.015625
