0 0.478125 0.5634765625 0.009375 0.009765625
0 0.46328125 0.591796875 0.0078125 0.01171875
0 0.48984375 0.5908203125 0.0078125 0.009765625
0 0.5140625 0.591796875 0.009375 0.01171875
0 0.509375 0.57421875 0.00625 0.0078125
0 0.49375 0.57421875 0.009375 0.015625
0 0.4640625 0.5712890625 0.0125 0.021484375
0 0.5046875 0.5634765625 0.009375 0.009765625
0 0.49453125 0.5537109375 0.0078125 0.009765625
0 0.4609375 0.55078125 0.021875 0.01171875
0 0.44375 0.5576171875 0.009375 0.017578125
0 0.278125 0.6640625 0.0125 0.00390625
0 0.278125 0.6591796875 0.0125 0.001953125
0 0.33125 0.65625 0.00625 0.0078125
0 0.28984375 0.76171875 0.0140625 0.0078125
0 0.28125 0.6865234375 0.015625 0.009765625
