0 0.465625 0.6298828125 0.0125 0.013671875
0 0.4984375 0.62890625 0.009375 0.01171875
0 0.528125 0.62890625 0.009375 0.01171875
0 0.52109375 0.6083984375 0.0078125 0.009765625
0 0.50234375 0.6103515625 0.0109375 0.017578125
0 0.46796875 0.6064453125 0.0140625 0.021484375
0 0.48359375 0.5947265625 0.0078125 0.009765625
0 0.51484375 0.59375 0.0078125 0.01171875
0 0.50234375 0.583984375 0.0078125 0.01171875
0 0.4640625 0.578125 0.025 0.015625
0 0.44453125 0.5888671875 0.0109375 0.021484375
0 0.2390625 0.7119140625 0.015625 0.005859375
0 0.23984375 0.71875 0.0140625 0.00390625
0 0.23984375 0.72265625 0.0140625 0.00390625
0 0.24140625 0.7275390625 0.0140625 0.005859375
0 0.24296875 0.7529296875 0.0171875 0.009765625
0 0.30703125 0.7138671875 0.0078125 0.009765625
0 0.2515625 0.84765625 0.01875 0.01171875
