0 0.47421875 0.5341796875 0.0140625 0.017578125
0 0.5171875 0.5322265625 0.0125 0.017578125
0 0.5546875 0.533203125 0.0125 0.015625
0 0.54609375 0.50390625 0.0109375 0.015625
0 0.5203125 0.5078125 0.015625 0.0234375
0 0.4765625 0.5029296875 0.015625 0.033203125
0 0.4984375 0.4873046875 0.009375 0.013671875
0 0.53671875 0.4853515625 0.0109375 0.013671875
0 0.521875 0.470703125 0.0125 0.015625
0 0.47109375 0.4638671875 0.0296875 0.017578125
0 0.446875 0.478515625 0.015625 0.02734375
0 0.175 0.6494140625 0.021875 0.005859375
0 0.17578125 0.6572265625 0.0203125 0.005859375
0 0.17578125 0.6650390625 0.0203125 0.005859375
0 0.17421875 0.6728515625 0.0203125 0.009765625
0 0.17578125 0.7119140625 0.0203125 0.013671875
0 0.26640625 0.65234375 0.0109375 0.015625
0 0.17578125 0.8662109375 0.0265625 0.013671875
