0 0.47734375 0.5556640625 0.0078125 0.009765625
0 0.46171875 0.5830078125 0.0078125 0.009765625
0 0.48828125 0.5810546875 0.0078125 0.009765625
0 0.5125 0.58203125 0.009375 0.01171875
0 0.5078125 0.56640625 0.00625 0.0078125
0 0.4921875 0.5654296875 0.009375 0.013671875
0 0.46328125 0.5634765625 0.0109375 0.021484375
0 0.503125 0.5556640625 0.009375 0.009765625
0 0.49296875 0.5458984375 0.0078125 0.009765625
0 0.46015625 0.54296875 0.0203125 0.01171875
0 0.4453125 0.5498046875 0.009375 0.017578125
0 0.28515625 0.65234375 0.0109375 0.00390625
0 0.28515625 0.6474609375 0.0109375 0.001953125
0 0.33671875 0.64453125 0.0078125 0.0078125
0 0.296875 0.744140625 0.0125 0.0078125
0 0.28828125 0.673828125 0.0140625 0.0078125
