0 0.47265625 0.4990234375 0.0109375 0.013671875
0 0.5109375 0.4970703125 0.0125 0.013671875
0 0.54453125 0.4970703125 0.0140625 0.013671875
0 0.5375 0.47265625 0.009375 0.01171875
0 0.5140625 0.4755859375 0.0125 0.021484375
0 0.475 0.470703125 0.015625 0.03125
0 0.49375 0.45703125 0.0125 0.01171875
0 0.52890625 0.4560546875 0.0109375 0.013671875
0 0.51640625 0.4423828125 0.0109375 0.013671875
0 0.4703125 0.4384765625 0.028125 0.017578125
0 0.44921875 0.451171875 0.0109375 0.0234375
0 0.21015625 0.5927734375 0.0171875 0.005859375
0 0.21171875 0.6005859375 0.0171875 0.005859375
0 0.21171875 0.607421875 0.0140625 0.00390625
0 0.2109375 0.6123046875 0.015625 0.005859375
0 0.21328125 0.646484375 0.0171875 0.01171875
0 0.21875 0.767578125 0.01875 0.01171875
0 0.2890625 0.595703125 0.009375 0.015625
