0 0.46328125 0.6123046875 0.0109375 0.013671875
0 0.49296875 0.6123046875 0.0078125 0.009765625
0 0.521875 0.6123046875 0.009375 0.009765625
0 0.51484375 0.5927734375 0.0078125 0.009765625
0 0.496875 0.59375 0.009375 0.015625
0 0.46640625 0.5908203125 0.0140625 0.021484375
0 0.4796875 0.58203125 0.009375 0.01171875
0 0.509375 0.580078125 0.009375 0.01171875
0 0.49765625 0.5703125 0.0109375 0.01171875
0 0.46171875 0.56640625 0.0234375 0.01171875
0 0.44296875 0.57421875 0.0109375 0.01953125
0 0.259375 0.6806640625 0.0125 0.005859375
0 0.26015625 0.6875 0.0140625 0.00390625
0 0.26015625 0.69140625 0.0140625 0.00390625
0 0.2625 0.720703125 0.015625 0.01171875
0 0.3203125 0.6845703125 0.009375 0.009765625
0 0.271875 0.8056640625 0.015625 0.009765625
