0 0.47890625 0.6533203125 0.0171875 0.025390625
0 0.540625 0.6513671875 0.015625 0.025390625
0 0.5953125 0.6513671875 0.01875 0.021484375
0 0.58125 0.6044921875 0.015625 0.021484375
0 0.54375 0.609375 0.021875 0.03125
0 0.48203125 0.6044921875 0.0234375 0.044921875
0 0.51328125 0.578125 0.0140625 0.01953125
0 0.56796875 0.576171875 0.0171875 0.0234375
0 0.54375 0.5556640625 0.015625 0.017578125
0 0.47578125 0.5458984375 0.0421875 0.025390625
0 0.44296875 0.56640625 0.0203125 0.0390625
0 0.01953125 0.85546875 0.0328125 0.01171875
0 0.02109375 0.8681640625 0.0296875 0.013671875
0 0.0203125 0.8818359375 0.03125 0.013671875
0 0.0171875 0.896484375 0.03125 0.01171875
0 0.16015625 0.8544921875 0.0171875 0.025390625
