0 0.4625 0.6044921875 0.009375 0.009765625
0 0.49296875 0.6025390625 0.0078125 0.009765625
0 0.51875 0.6044921875 0.009375 0.009765625
0 0.5125 0.5869140625 0.00625 0.009765625
0 0.4953125 0.587890625 0.009375 0.015625
0 0.46484375 0.5849609375 0.0140625 0.021484375
0 0.4796875 0.576171875 0.009375 0.01171875
0 0.50703125 0.57421875 0.0078125 0.01171875
0 0.496875 0.564453125 0.009375 0.01171875
0 0.4609375 0.560546875 0.021875 0.01171875
0 0.44375 0.568359375 0.009375 0.01953125
0 0.26640625 0.6708984375 0.0140625 0.005859375
0 0.2671875 0.6767578125 0.0125 0.005859375
0 0.2671875 0.681640625 0.0125 0.00390625
0 0.26953125 0.708984375 0.0171875 0.01171875
0 0.325 0.6748046875 0.009375 0.009765625
0 0.27890625 0.7880859375 0.0140625 0.009765625
