0 0.47109375 0.4873046875 0.0109375 0.013671875
0 0.50703125 0.4853515625 0.0109375 0.013671875
0 0.53984375 0.4853515625 0.0140625 0.013671875
0 0.53125 0.4609375 0.009375 0.01171875
0 0.509375 0.46484375 0.0125 0.01953125
0 0.471875 0.4599609375 0.015625 0.029296875
0 0.48984375 0.447265625 0.0109375 0.01171875
0 0.52421875 0.4462890625 0.0109375 0.013671875
0 0.51015625 0.4326171875 0.0109375 0.013671875
0 0.4671875 0.4287109375 0.028125 0.017578125
0 0.44609375 0.44140625 0.0109375 0.0234375
0 0.21953125 0.5751953125 0.0171875 0.005859375
0 0.221875 0.5830078125 0.015625 0.005859375
0 0.221875 0.58984375 0.015625 0.00390625
0 0.221875 0.5947265625 0.015625 0.005859375
0 0.2234375 0.625 0.01875 0.01171875
0 0.23046875 0.7333984375 0.0171875 0.009765625
0 0.29609375 0.578125 0.0109375 0.015625
