0 0.47890625 0.650390625 0.0171875 0.0234375
0 0.540625 0.6484375 0.015625 0.0234375
0 0.59453125 0.6494140625 0.0171875 0.021484375
0 0.58046875 0.6025390625 0.0171875 0.021484375
0 0.54375 0.607421875 0.021875 0.03125
0 0.48203125 0.6025390625 0.0234375 0.044921875
0 0.51328125 0.576171875 0.0140625 0.01953125
0 0.56796875 0.57421875 0.0171875 0.0234375
0 0.54375 0.5537109375 0.015625 0.017578125
0 0.47578125 0.5439453125 0.0421875 0.025390625
0 0.44296875 0.5654296875 0.0203125 0.037109375
0 0.0234375 0.8515625 0.03125 0.01171875
0 0.02421875 0.86328125 0.0296875 0.01171875
0 0.02421875 0.8759765625 0.0296875 0.013671875
0 0.02109375 0.890625 0.0296875 0.01171875
0 0.16328125 0.8486328125 0.0171875 0.025390625
