0 0.47265625 0.5244140625 0.0140625 0.017578125
0 0.5140625 0.5244140625 0.0125 0.017578125
0 0.5515625 0.5234375 0.0125 0.015625
0 0.54375 0.49609375 0.009375 0.015625
0 0.51875 0.4990234375 0.015625 0.021484375
0 0.47578125 0.494140625 0.0171875 0.03125
0 0.496875 0.4794921875 0.009375 0.013671875
0 0.53515625 0.4775390625 0.0109375 0.013671875
0 0.51953125 0.4638671875 0.0109375 0.013671875
0 0.4703125 0.4580078125 0.03125 0.017578125
0 0.44765625 0.4716796875 0.0140625 0.025390625
0 0.18359375 0.634765625 0.0203125 0.0078125
0 0.18515625 0.6416015625 0.0203125 0.005859375
0 0.1859375 0.6494140625 0.01875 0.005859375
0 0.18359375 0.6572265625 0.0203125 0.009765625
0 0.18515625 0.6943359375 0.0203125 0.013671875
0 0.27265625 0.63671875 0.0109375 0.015625
0 0.18828125 0.8408203125 0.0265625 0.013671875
