0 0.47578125 0.57421875 0.0140625 0.01953125
0 0.52421875 0.57421875 0.0140625 0.01953125
0 0.56796875 0.5732421875 0.0140625 0.017578125
0 0.5578125 0.5390625 0.0125 0.015625
0 0.528125 0.5419921875 0.015625 0.025390625
0 0.47890625 0.5380859375 0.0203125 0.037109375
0 0.5015625 0.517578125 0.0125 0.015625
0 0.546875 0.5166015625 0.0125 0.017578125
0 0.52890625 0.5 0.0140625 0.015625
0 0.47265625 0.4921875 0.0359375 0.01953125
0 0.4453125 0.509765625 0.015625 0.02734375
0 0.12578125 0.7177734375 0.0234375 0.009765625
0 0.12734375 0.7255859375 0.0234375 0.009765625
0 0.12734375 0.7353515625 0.0234375 0.009765625
0 0.125 0.7451171875 0.021875 0.009765625
0 0.1234375 0.7939453125 0.028125 0.021484375
0 0.2328125 0.7177734375 0.0125 0.017578125
0 0.11953125 0.98828125 0.0328125 0.015625
