0 0.48203125 0.693359375 0.0203125 0.02734375
0 0.5515625 0.6923828125 0.01875 0.025390625
0 0.6109375 0.6923828125 0.01875 0.025390625
0 0.5953125 0.63671875 0.015625 0.0234375
0 0.5546875 0.642578125 0.021875 0.03515625
0 0.48671875 0.6376953125 0.0265625 0.052734375
0 0.51875 0.6064453125 0.015625 0.021484375
0 0.5796875 0.6044921875 0.01875 0.025390625
0 0.5546875 0.578125 0.015625 0.0234375
0 0.478125 0.568359375 0.05 0.02734375
0 0.44140625 0.591796875 0.0203125 0.0390625
0 0.1171875 0.9384765625 0.015625 0.025390625
