0 0.47578125 0.560546875 0.0140625 0.01953125
0 0.521875 0.5595703125 0.0125 0.017578125
0 0.56328125 0.55859375 0.0140625 0.015625
0 0.55390625 0.5263671875 0.0109375 0.013671875
0 0.52578125 0.529296875 0.0140625 0.0234375
0 0.478125 0.5244140625 0.01875 0.037109375
0 0.50078125 0.5068359375 0.0109375 0.013671875
0 0.54375 0.505859375 0.0125 0.015625
0 0.52578125 0.490234375 0.0140625 0.015625
0 0.47265625 0.4833984375 0.0328125 0.017578125
0 0.446875 0.5 0.015625 0.02734375
0 0.14453125 0.693359375 0.0203125 0.0078125
0 0.1453125 0.69921875 0.021875 0.0078125
0 0.1453125 0.708984375 0.021875 0.0078125
0 0.14375 0.7197265625 0.021875 0.009765625
0 0.14375 0.7646484375 0.025 0.017578125
0 0.24453125 0.693359375 0.0109375 0.015625
0 0.13984375 0.943359375 0.0296875 0.015625
