0 0.46796875 0.5419921875 0.0109375 0.013671875
0 0.50390625 0.5400390625 0.0109375 0.013671875
0 0.534375 0.5400390625 0.0125 0.013671875
0 0.528125 0.517578125 0.009375 0.01171875
0 0.5078125 0.5205078125 0.0125 0.017578125
0 0.4703125 0.517578125 0.015625 0.02734375
0 0.48828125 0.50390625 0.0109375 0.01171875
0 0.52109375 0.5029296875 0.0109375 0.013671875
0 0.50859375 0.4912109375 0.0109375 0.013671875
0 0.465625 0.4873046875 0.028125 0.017578125
0 0.44453125 0.4990234375 0.0109375 0.021484375
0 0.225 0.6279296875 0.015625 0.005859375
0 0.22734375 0.6357421875 0.0140625 0.005859375
0 0.22734375 0.642578125 0.0140625 0.00390625
0 0.2265625 0.6474609375 0.015625 0.005859375
0 0.22890625 0.67578125 0.0171875 0.01171875
0 0.23671875 0.7841796875 0.0171875 0.009765625
0 0.29921875 0.630859375 0.0109375 0.015625
