0 0.46171875 0.5712890625 0.0078125 0.009765625
0 0.4875 0.5703125 0.00625 0.0078125
0 0.51171875 0.5703125 0.0078125 0.0078125
0 0.50625 0.556640625 0.00625 0.0078125
0 0.490625 0.556640625 0.009375 0.01171875
0 0.46328125 0.5546875 0.0109375 0.015625
0 0.4765625 0.546875 0.00625 0.0078125
0 0.50078125 0.5458984375 0.0078125 0.009765625
0 0.4921875 0.5380859375 0.00625 0.009765625
0 0.4609375 0.53515625 0.01875 0.01171875
0 0.4453125 0.5390625 0.009375 0.015625
0 0.30703125 0.7216796875 0.0140625 0.009765625
0 0.29296875 0.625 0.0109375 0.00390625
0 0.29375 0.630859375 0.0125 0.00390625
0 0.29375 0.63671875 0.0125 0.00390625
0 0.2953125 0.640625 0.0125 0.00390625
0 0.34296875 0.630859375 0.0078125 0.0078125
0 0.296875 0.658203125 0.0125 0.0078125
