0 0.47734375 0.5625 0.0078125 0.0078125
0 0.46328125 0.5908203125 0.0078125 0.009765625
0 0.4890625 0.5888671875 0.009375 0.009765625
0 0.5140625 0.58984375 0.009375 0.01171875
0 0.509375 0.572265625 0.00625 0.0078125
0 0.49296875 0.5732421875 0.0078125 0.013671875
0 0.4640625 0.5712890625 0.0125 0.021484375
0 0.5046875 0.5615234375 0.009375 0.009765625
0 0.49375 0.552734375 0.009375 0.01171875
0 0.4609375 0.5498046875 0.021875 0.013671875
0 0.44375 0.5556640625 0.009375 0.017578125
0 0.2796875 0.662109375 0.0125 0.00390625
0 0.2796875 0.6572265625 0.0125 0.001953125
0 0.3328125 0.654296875 0.00625 0.0078125
0 0.29140625 0.7578125 0.0140625 0.0078125
0 0.28203125 0.6845703125 0.0140625 0.009765625
