0 0.4796875 0.6650390625 0.01875 0.025390625
0 0.54375 0.6630859375 0.015625 0.025390625
0 0.5984375 0.6630859375 0.01875 0.021484375
0 0.584375 0.6142578125 0.015625 0.021484375
0 0.546875 0.6181640625 0.021875 0.033203125
0 0.48359375 0.61328125 0.0234375 0.046875
0 0.51484375 0.5869140625 0.0140625 0.021484375
0 0.57109375 0.5849609375 0.0171875 0.025390625
0 0.546875 0.5625 0.015625 0.01953125
0 0.47578125 0.5517578125 0.0453125 0.025390625
0 0.44140625 0.57421875 0.0203125 0.0390625
0 0.1484375 0.8798828125 0.01875 0.025390625
