0 0.47265625 0.4892578125 0.0109375 0.013671875
0 0.51015625 0.4873046875 0.0109375 0.013671875
0 0.540625 0.4873046875 0.0125 0.013671875
0 0.534375 0.4638671875 0.0125 0.013671875
0 0.5125 0.466796875 0.015625 0.01953125
0 0.4734375 0.4619140625 0.015625 0.029296875
0 0.49375 0.44921875 0.0125 0.01171875
0 0.52734375 0.4482421875 0.0109375 0.013671875
0 0.5125 0.435546875 0.0125 0.015625
0 0.47109375 0.4306640625 0.0296875 0.017578125
0 0.44921875 0.443359375 0.0109375 0.0234375
0 0.21640625 0.58203125 0.0171875 0.0078125
0 0.21796875 0.58984375 0.0171875 0.00390625
0 0.21796875 0.595703125 0.0140625 0.00390625
0 0.2171875 0.6025390625 0.015625 0.005859375
0 0.21953125 0.634765625 0.0171875 0.01171875
0 0.2265625 0.7470703125 0.01875 0.009765625
0 0.29296875 0.583984375 0.0109375 0.015625
