0 0.48125 0.681640625 0.01875 0.02734375
0 0.54921875 0.6796875 0.0171875 0.0234375
0 0.60625 0.6796875 0.01875 0.0234375
0 0.59140625 0.6279296875 0.0171875 0.021484375
0 0.55234375 0.6318359375 0.0203125 0.037109375
0 0.48671875 0.62890625 0.0265625 0.05078125
0 0.5171875 0.5966796875 0.015625 0.021484375
0 0.5765625 0.595703125 0.015625 0.0234375
0 0.55234375 0.5712890625 0.0171875 0.021484375
0 0.47890625 0.5615234375 0.0484375 0.025390625
0 0.44296875 0.5830078125 0.0203125 0.037109375
0 0.13046875 0.9130859375 0.0140625 0.025390625
