0 0.47265625 0.5185546875 0.0140625 0.017578125
0 0.5140625 0.5185546875 0.0125 0.017578125
0 0.55 0.517578125 0.0125 0.015625
0 0.5421875 0.4912109375 0.009375 0.013671875
0 0.5171875 0.4931640625 0.015625 0.021484375
0 0.47578125 0.4892578125 0.0171875 0.029296875
0 0.49609375 0.4755859375 0.0109375 0.013671875
0 0.53359375 0.4736328125 0.0109375 0.013671875
0 0.51875 0.4599609375 0.0125 0.013671875
0 0.4703125 0.4521484375 0.03125 0.017578125
0 0.44765625 0.4677734375 0.0140625 0.025390625
0 0.1890625 0.6259765625 0.021875 0.005859375
0 0.19140625 0.6337890625 0.0203125 0.005859375
0 0.1921875 0.6396484375 0.01875 0.005859375
0 0.1890625 0.6474609375 0.01875 0.009765625
0 0.19140625 0.6845703125 0.0203125 0.013671875
0 0.27578125 0.62890625 0.0109375 0.015625
0 0.1953125 0.8232421875 0.025 0.013671875
