0 0.47265625 0.5263671875 0.0140625 0.017578125
0 0.515625 0.5263671875 0.0125 0.017578125
0 0.553125 0.525390625 0.0125 0.015625
0 0.54453125 0.498046875 0.0109375 0.015625
0 0.51875 0.5009765625 0.015625 0.021484375
0 0.47578125 0.49609375 0.0171875 0.03125
0 0.496875 0.4814453125 0.009375 0.013671875
0 0.53515625 0.4794921875 0.0109375 0.013671875
0 0.5203125 0.4658203125 0.0125 0.013671875
0 0.4703125 0.4599609375 0.03125 0.017578125
0 0.44765625 0.4736328125 0.0140625 0.025390625
0 0.18125 0.638671875 0.021875 0.0078125
0 0.18203125 0.6455078125 0.0203125 0.005859375
0 0.1828125 0.6533203125 0.01875 0.005859375
0 0.18046875 0.6611328125 0.0203125 0.009765625
0 0.18203125 0.7001953125 0.0203125 0.013671875
0 0.27109375 0.640625 0.0109375 0.015625
0 0.18515625 0.8466796875 0.0265625 0.013671875
