0 0.471875 0.505859375 0.0125 0.015625
0 0.5109375 0.50390625 0.0125 0.015625
0 0.54453125 0.5048828125 0.0140625 0.013671875
0 0.5375 0.478515625 0.009375 0.01171875
0 0.5140625 0.4814453125 0.0125 0.021484375
0 0.475 0.4765625 0.015625 0.03125
0 0.49375 0.462890625 0.0125 0.01171875
0 0.52890625 0.4619140625 0.0109375 0.013671875
0 0.51640625 0.4482421875 0.0109375 0.013671875
0 0.46953125 0.4423828125 0.0296875 0.017578125
0 0.44765625 0.4560546875 0.0109375 0.025390625
0 0.20390625 0.6015625 0.0171875 0.0078125
0 0.20546875 0.6083984375 0.0171875 0.005859375
0 0.20546875 0.615234375 0.0140625 0.00390625
0 0.2046875 0.6220703125 0.015625 0.005859375
0 0.20703125 0.65625 0.0171875 0.01171875
0 0.2140625 0.78125 0.01875 0.01171875
0 0.284375 0.603515625 0.009375 0.015625
