0 0.46328125 0.609375 0.0109375 0.01171875
0 0.49296875 0.6083984375 0.0078125 0.009765625
0 0.5203125 0.6083984375 0.009375 0.009765625
0 0.5140625 0.5908203125 0.00625 0.009765625
0 0.496875 0.591796875 0.009375 0.015625
0 0.46640625 0.5888671875 0.0140625 0.021484375
0 0.4796875 0.580078125 0.009375 0.01171875
0 0.50859375 0.578125 0.0078125 0.01171875
0 0.49765625 0.568359375 0.0109375 0.01171875
0 0.46171875 0.564453125 0.0234375 0.01171875
0 0.44296875 0.572265625 0.0109375 0.01953125
0 0.2625 0.6767578125 0.0125 0.005859375
0 0.26328125 0.68359375 0.0140625 0.00390625
0 0.26328125 0.6875 0.0140625 0.00390625
0 0.265625 0.71484375 0.015625 0.01171875
0 0.321875 0.6806640625 0.009375 0.009765625
0 0.275 0.7978515625 0.015625 0.009765625
