0 0.47578125 0.5654296875 0.0140625 0.017578125
0 0.5234375 0.564453125 0.0125 0.01953125
0 0.56484375 0.564453125 0.0140625 0.015625
0 0.5546875 0.53125 0.0125 0.015625
0 0.52734375 0.533203125 0.0140625 0.0234375
0 0.47890625 0.529296875 0.0203125 0.0390625
0 0.50078125 0.5107421875 0.0109375 0.013671875
0 0.5453125 0.509765625 0.0125 0.015625
0 0.52734375 0.494140625 0.0140625 0.015625
0 0.47265625 0.4873046875 0.0359375 0.017578125
0 0.44609375 0.50390625 0.0140625 0.02734375
0 0.1375 0.701171875 0.021875 0.0078125
0 0.1390625 0.708984375 0.021875 0.0078125
0 0.1390625 0.71875 0.021875 0.0078125
0 0.1375 0.7275390625 0.021875 0.009765625
0 0.13671875 0.775390625 0.0265625 0.01953125
0 0.240625 0.7021484375 0.0125 0.013671875
0 0.13203125 0.958984375 0.0296875 0.015625
