0 0.496875 0.625 0.009375 0.01171875
0 0.46484375 0.6259765625 0.0109375 0.013671875
0 0.5265625 0.625 0.009375 0.01171875
0 0.5203125 0.6044921875 0.009375 0.009765625
0 0.5 0.60546875 0.009375 0.015625
0 0.4671875 0.603515625 0.0125 0.0234375
0 0.4828125 0.5927734375 0.009375 0.009765625
0 0.51328125 0.591796875 0.0078125 0.01171875
0 0.50234375 0.5810546875 0.0109375 0.013671875
0 0.46328125 0.576171875 0.0234375 0.015625
0 0.44453125 0.5859375 0.0109375 0.01953125
0 0.2453125 0.7001953125 0.015625 0.005859375
0 0.24609375 0.70703125 0.0140625 0.00390625
0 0.24609375 0.7109375 0.0140625 0.00390625
0 0.24765625 0.7158203125 0.0140625 0.005859375
0 0.24921875 0.7412109375 0.0171875 0.009765625
0 0.31171875 0.703125 0.0078125 0.01171875
0 0.25703125 0.8359375 0.0171875 0.01171875
