0 0.4765625 0.5927734375 0.015625 0.021484375
0 0.528125 0.591796875 0.015625 0.01953125
0 0.57421875 0.5908203125 0.0140625 0.017578125
0 0.56328125 0.5546875 0.0140625 0.015625
0 0.53125 0.55859375 0.015625 0.02734375
0 0.4796875 0.5546875 0.021875 0.0390625
0 0.50390625 0.5322265625 0.0109375 0.017578125
0 0.5515625 0.5302734375 0.0125 0.017578125
0 0.53203125 0.5126953125 0.0140625 0.017578125
0 0.47265625 0.5048828125 0.0390625 0.021484375
0 0.44375 0.5224609375 0.015625 0.029296875
0 0.1015625 0.748046875 0.028125 0.01171875
0 0.1046875 0.7578125 0.025 0.0078125
0 0.10390625 0.767578125 0.0265625 0.0078125
0 0.1015625 0.7783203125 0.025 0.009765625
0 0.09921875 0.8330078125 0.0296875 0.021484375
0 0.2171875 0.748046875 0.0125 0.01953125
