0 0.49609375 0.6064453125 0.0421875 0.072265625
0 0.65859375 0.59765625 0.0421875 0.0625
0 0.79921875 0.5908203125 0.0484375 0.064453125
0 0.74609375 0.4111328125 0.0359375 0.056640625
0 0.65859375 0.4365234375 0.0484375 0.083984375
0 0.50546875 0.427734375 0.0546875 0.12109375
0 0.57109375 0.3154296875 0.0296875 0.052734375
0 0.70390625 0.3095703125 0.0359375 0.052734375
0 0.6453125 0.232421875 0.034375 0.04296875
0 0.48046875 0.2119140625 0.1078125 0.056640625
0 0.4046875 0.283203125 0.040625 0.0859375
