0 0.4765625 0.6123046875 0.015625 0.021484375
0 0.53125 0.6103515625 0.015625 0.021484375
0 0.58046875 0.6103515625 0.0171875 0.021484375
0 0.56796875 0.5712890625 0.0140625 0.021484375
0 0.53515625 0.57421875 0.0203125 0.02734375
0 0.48046875 0.5693359375 0.0203125 0.037109375
0 0.5078125 0.546875 0.0125 0.015625
0 0.55703125 0.5458984375 0.0140625 0.017578125
0 0.53515625 0.52734375 0.0140625 0.015625
0 0.4734375 0.5185546875 0.0375 0.021484375
0 0.44453125 0.537109375 0.0171875 0.03515625
0 0.078125 0.7822265625 0.021875 0.009765625
0 0.07890625 0.791015625 0.0265625 0.0078125
0 0.07890625 0.8017578125 0.0265625 0.009765625
0 0.07578125 0.814453125 0.0265625 0.01171875
0 0.071875 0.8759765625 0.025 0.017578125
0 0.20078125 0.7783203125 0.0109375 0.021484375
