0 0.4796875 0.68359375 0.01875 0.02734375
0 0.54765625 0.681640625 0.0171875 0.0234375
0 0.6046875 0.681640625 0.01875 0.0234375
0 0.590625 0.6298828125 0.015625 0.021484375
0 0.55078125 0.6337890625 0.0203125 0.037109375
0 0.48515625 0.6298828125 0.0265625 0.052734375
0 0.515625 0.5986328125 0.015625 0.021484375
0 0.57578125 0.59765625 0.0171875 0.0234375
0 0.55078125 0.572265625 0.0171875 0.0234375
0 0.47734375 0.5634765625 0.0484375 0.025390625
0 0.44140625 0.5849609375 0.0203125 0.037109375
0 0.12890625 0.9169921875 0.0140625 0.025390625
