0 0.47890625 0.65234375 0.0171875 0.0234375
0 0.540625 0.650390625 0.015625 0.0234375
0 0.59453125 0.650390625 0.0171875 0.01953125
0 0.58046875 0.6044921875 0.0171875 0.021484375
0 0.54375 0.6083984375 0.021875 0.033203125
0 0.48203125 0.603515625 0.0234375 0.046875
0 0.51328125 0.578125 0.0140625 0.01953125
0 0.56796875 0.576171875 0.0171875 0.0234375
0 0.54375 0.5546875 0.015625 0.01953125
0 0.47578125 0.544921875 0.0421875 0.0234375
0 0.44296875 0.5654296875 0.0203125 0.037109375
0 0.02109375 0.853515625 0.0328125 0.01171875
0 0.02265625 0.8662109375 0.0296875 0.013671875
0 0.021875 0.8798828125 0.03125 0.013671875
0 0.01875 0.89453125 0.03125 0.01171875
0 0.16015625 0.853515625 0.0171875 0.02734375
