0 0.4796875 0.6064453125 0.021875 0.037109375
0 0.5609375 0.603515625 0.025 0.03125
0 0.6328125 0.60546875 0.021875 0.02734375
0 0.61171875 0.5341796875 0.0203125 0.033203125
0 0.565625 0.54296875 0.028125 0.046875
0 0.4859375 0.5400390625 0.034375 0.060546875
0 0.521875 0.5009765625 0.01875 0.025390625
0 0.5921875 0.49609375 0.021875 0.02734375
0 0.565625 0.46484375 0.021875 0.02734375
0 0.4765625 0.4541015625 0.059375 0.033203125
0 0.4328125 0.4833984375 0.025 0.048828125
0 0.03125 0.931640625 0.021875 0.03515625
