0 0.48125 0.6708984375 0.01875 0.025390625
0 0.54765625 0.669921875 0.0171875 0.0234375
0 0.603125 0.669921875 0.01875 0.0234375
0 0.5890625 0.6201171875 0.015625 0.021484375
0 0.55078125 0.623046875 0.0203125 0.03515625
0 0.48671875 0.6201171875 0.0265625 0.048828125
0 0.515625 0.5908203125 0.015625 0.021484375
0 0.57421875 0.5888671875 0.0171875 0.025390625
0 0.55 0.5634765625 0.015625 0.021484375
0 0.478125 0.556640625 0.046875 0.0234375
0 0.44375 0.576171875 0.01875 0.03515625
0 0.13984375 0.89453125 0.0140625 0.0234375
