0 0.4765625 0.6240234375 0.015625 0.021484375
0 0.534375 0.6220703125 0.015625 0.021484375
0 0.58515625 0.6220703125 0.0171875 0.021484375
0 0.571875 0.5810546875 0.015625 0.021484375
0 0.53828125 0.5849609375 0.0203125 0.029296875
0 0.48125 0.580078125 0.021875 0.0390625
0 0.509375 0.5556640625 0.0125 0.017578125
0 0.56015625 0.5546875 0.0171875 0.01953125
0 0.53828125 0.53515625 0.0140625 0.015625
0 0.47421875 0.5263671875 0.0390625 0.021484375
0 0.44375 0.5458984375 0.01875 0.033203125
0 0.0609375 0.802734375 0.025 0.01171875
0 0.06171875 0.8134765625 0.0265625 0.009765625
0 0.06171875 0.8251953125 0.0265625 0.009765625
0 0.05859375 0.837890625 0.0265625 0.01171875
0 0.05390625 0.9033203125 0.0265625 0.017578125
0 0.1890625 0.7978515625 0.015625 0.025390625
