0 0.47421875 0.5361328125 0.0140625 0.017578125
0 0.5171875 0.5341796875 0.0125 0.017578125
0 0.55546875 0.5341796875 0.0140625 0.017578125
0 0.546875 0.505859375 0.009375 0.015625
0 0.52109375 0.5087890625 0.0171875 0.021484375
0 0.4765625 0.50390625 0.015625 0.03125
0 0.4984375 0.4873046875 0.009375 0.013671875
0 0.53828125 0.486328125 0.0109375 0.015625
0 0.521875 0.4716796875 0.0125 0.013671875
0 0.47109375 0.4658203125 0.0296875 0.017578125
0 0.446875 0.4794921875 0.015625 0.025390625
0 0.17265625 0.65234375 0.0203125 0.0078125
0 0.17421875 0.6591796875 0.0203125 0.005859375
0 0.17421875 0.66796875 0.0203125 0.0078125
0 0.171875 0.67578125 0.021875 0.0078125
0 0.1734375 0.7158203125 0.021875 0.013671875
0 0.26484375 0.654296875 0.0109375 0.015625
0 0.17421875 0.8701171875 0.0265625 0.013671875
