0 0.4703125 0.494140625 0.0125 0.015625
0 0.5078125 0.4921875 0.0125 0.015625
0 0.54140625 0.4931640625 0.0140625 0.013671875
0 0.534375 0.466796875 0.009375 0.01171875
0 0.5109375 0.470703125 0.0125 0.01953125
0 0.4734375 0.4658203125 0.015625 0.029296875
0 0.49140625 0.453125 0.0109375 0.01171875
0 0.52578125 0.4521484375 0.0109375 0.013671875
0 0.51328125 0.4384765625 0.0109375 0.013671875
0 0.46796875 0.4345703125 0.0296875 0.017578125
0 0.44609375 0.447265625 0.0109375 0.0234375
0 0.21328125 0.5859375 0.0171875 0.0078125
0 0.21484375 0.5927734375 0.0171875 0.005859375
0 0.215625 0.599609375 0.015625 0.00390625
0 0.215625 0.6064453125 0.015625 0.005859375
0 0.2171875 0.638671875 0.01875 0.01171875
0 0.2234375 0.7529296875 0.01875 0.009765625
0 0.29140625 0.587890625 0.0109375 0.015625
