0 0.46953125 0.5 0.0109375 0.015625
0 0.50546875 0.498046875 0.0109375 0.015625
0 0.5375 0.4990234375 0.0125 0.013671875
0 0.53046875 0.474609375 0.0109375 0.01171875
0 0.509375 0.4775390625 0.0125 0.017578125
0 0.4734375 0.474609375 0.015625 0.02734375
0 0.48984375 0.4609375 0.0109375 0.01171875
0 0.521875 0.458984375 0.009375 0.01171875
0 0.51015625 0.4482421875 0.0109375 0.013671875
0 0.46796875 0.4423828125 0.0296875 0.017578125
0 0.44609375 0.455078125 0.0109375 0.0234375
0 0.22421875 0.5859375 0.0171875 0.0078125
0 0.2265625 0.59375 0.015625 0.00390625
0 0.2265625 0.599609375 0.015625 0.00390625
0 0.2265625 0.6064453125 0.015625 0.005859375
0 0.228125 0.634765625 0.01875 0.01171875
0 0.23515625 0.7431640625 0.0171875 0.009765625
0 0.2984375 0.59375 0.0125 0.01171875
