0 0.46953125 0.4892578125 0.0109375 0.013671875
0 0.50625 0.4873046875 0.0125 0.013671875
0 0.5390625 0.4873046875 0.0125 0.013671875
0 0.5328125 0.462890625 0.009375 0.01171875
0 0.509375 0.466796875 0.0125 0.01953125
0 0.471875 0.4619140625 0.015625 0.029296875
0 0.48984375 0.44921875 0.0109375 0.01171875
0 0.52421875 0.4482421875 0.0109375 0.013671875
0 0.51171875 0.4345703125 0.0109375 0.013671875
0 0.4671875 0.4306640625 0.028125 0.017578125
0 0.44609375 0.443359375 0.0109375 0.0234375
0 0.21796875 0.5791015625 0.0171875 0.005859375
0 0.21953125 0.5869140625 0.0171875 0.005859375
0 0.21953125 0.59375 0.0140625 0.00390625
0 0.21875 0.5986328125 0.015625 0.005859375
0 0.22109375 0.62890625 0.0171875 0.01171875
0 0.228125 0.7421875 0.01875 0.01171875
0 0.29453125 0.58203125 0.0109375 0.015625
