0 0.48828125 0.5927734375 0.0390625 0.068359375
0 0.64140625 0.5849609375 0.0390625 0.060546875
0 0.77265625 0.5791015625 0.0453125 0.060546875
0 0.7234375 0.4150390625 0.034375 0.052734375
0 0.640625 0.439453125 0.046875 0.078125
0 0.49921875 0.4287109375 0.0515625 0.115234375
0 0.5578125 0.3369140625 0.028125 0.048828125
0 0.6828125 0.3310546875 0.034375 0.048828125
0 0.62734375 0.2607421875 0.0328125 0.041015625
0 0.478125 0.2431640625 0.1 0.052734375
0 0.40703125 0.30859375 0.0390625 0.078125
