0 0.4765625 0.5869140625 0.015625 0.021484375
0 0.52734375 0.5859375 0.0140625 0.01953125
0 0.571875 0.5849609375 0.015625 0.017578125
0 0.5609375 0.548828125 0.0125 0.015625
0 0.53046875 0.552734375 0.0140625 0.02734375
0 0.4796875 0.548828125 0.021875 0.0390625
0 0.503125 0.52734375 0.0125 0.015625
0 0.55 0.5263671875 0.0125 0.017578125
0 0.53046875 0.5087890625 0.0140625 0.017578125
0 0.47265625 0.5009765625 0.0359375 0.021484375
0 0.44453125 0.5185546875 0.0171875 0.029296875
0 0.109375 0.7373046875 0.025 0.009765625
0 0.11171875 0.7470703125 0.0234375 0.009765625
0 0.1109375 0.7568359375 0.025 0.009765625
0 0.109375 0.7685546875 0.025 0.009765625
0 0.10703125 0.8193359375 0.0296875 0.021484375
0 0.221875 0.7373046875 0.0125 0.017578125
