0 0.478125 0.6416015625 0.015625 0.021484375
0 0.5390625 0.6396484375 0.015625 0.021484375
0 0.59140625 0.6396484375 0.0171875 0.021484375
0 0.57734375 0.595703125 0.0171875 0.01953125
0 0.54140625 0.599609375 0.0203125 0.03125
0 0.48203125 0.5947265625 0.0234375 0.044921875
0 0.51171875 0.5703125 0.0140625 0.01953125
0 0.56484375 0.568359375 0.0171875 0.0234375
0 0.5421875 0.546875 0.015625 0.01953125
0 0.475 0.537109375 0.040625 0.0234375
0 0.44296875 0.5576171875 0.0203125 0.037109375
0 0.03671875 0.833984375 0.0296875 0.01171875
0 0.0375 0.845703125 0.028125 0.01171875
0 0.03671875 0.8583984375 0.0296875 0.013671875
0 0.03359375 0.873046875 0.0296875 0.01171875
0 0.028125 0.943359375 0.028125 0.01953125
0 0.1734375 0.8291015625 0.015625 0.025390625
