0 0.46953125 0.490234375 0.0109375 0.015625
0 0.50703125 0.48828125 0.0109375 0.015625
0 0.53984375 0.4892578125 0.0140625 0.013671875
0 0.5328125 0.46484375 0.009375 0.01171875
0 0.5109375 0.466796875 0.0125 0.01953125
0 0.4734375 0.4638671875 0.015625 0.029296875
0 0.490625 0.44921875 0.0125 0.01171875
0 0.52578125 0.4482421875 0.0109375 0.013671875
0 0.51171875 0.4365234375 0.0109375 0.013671875
0 0.46796875 0.4306640625 0.0296875 0.017578125
0 0.44609375 0.443359375 0.0109375 0.0234375
0 0.21640625 0.580078125 0.0171875 0.0078125
0 0.21796875 0.587890625 0.0171875 0.00390625
0 0.21796875 0.59375 0.0140625 0.00390625
0 0.2171875 0.6005859375 0.015625 0.005859375
0 0.21953125 0.6328125 0.0171875 0.01171875
0 0.228125 0.74609375 0.01875 0.01171875
0 0.29375 0.58203125 0.009375 0.015625
