0 0.4671875 0.5966796875 0.009375 0.013671875
0 0.50234375 0.5947265625 0.0109375 0.013671875
0 0.53359375 0.5947265625 0.0140625 0.013671875
0 0.5265625 0.572265625 0.009375 0.01171875
0 0.50625 0.5751953125 0.0125 0.017578125
0 0.4703125 0.572265625 0.015625 0.02734375
0 0.48671875 0.55859375 0.0109375 0.01171875
0 0.51953125 0.5576171875 0.0109375 0.013671875
0 0.50703125 0.5458984375 0.0109375 0.013671875
0 0.4671875 0.5400390625 0.028125 0.017578125
0 0.44609375 0.5517578125 0.0109375 0.021484375
0 0.228125 0.6826171875 0.015625 0.005859375
0 0.22890625 0.689453125 0.0140625 0.00390625
0 0.22890625 0.6953125 0.0140625 0.00390625
0 0.228125 0.7001953125 0.015625 0.005859375
0 0.23046875 0.728515625 0.0171875 0.01171875
0 0.23671875 0.8349609375 0.0171875 0.009765625
0 0.29921875 0.68359375 0.0109375 0.015625
