0 0.48515625 0.5751953125 0.0328125 0.056640625
0 0.61328125 0.568359375 0.0328125 0.05078125
0 0.72578125 0.564453125 0.0390625 0.05078125
0 0.68671875 0.4384765625 0.0296875 0.044921875
0 0.61328125 0.4580078125 0.0421875 0.068359375
0 0.49453125 0.451171875 0.0453125 0.1015625
0 0.54609375 0.375 0.0265625 0.04296875
0 0.65390625 0.3662109375 0.0296875 0.044921875
0 0.6078125 0.3154296875 0.03125 0.037109375
0 0.478125 0.2919921875 0.0875 0.048828125
0 0.4140625 0.349609375 0.034375 0.0703125
