0 0.471875 0.50390625 0.0125 0.015625
0 0.509375 0.501953125 0.0125 0.015625
0 0.54453125 0.5029296875 0.0140625 0.013671875
0 0.5375 0.4765625 0.009375 0.01171875
0 0.5125 0.4794921875 0.0125 0.021484375
0 0.475 0.474609375 0.015625 0.03125
0 0.49296875 0.4609375 0.0109375 0.01171875
0 0.52890625 0.4599609375 0.0109375 0.013671875
0 0.51484375 0.4462890625 0.0109375 0.013671875
0 0.46953125 0.4423828125 0.0296875 0.017578125
0 0.44765625 0.455078125 0.0109375 0.0234375
0 0.20625 0.6015625 0.01875 0.0078125
0 0.2078125 0.6083984375 0.01875 0.005859375
0 0.2078125 0.615234375 0.015625 0.00390625
0 0.2078125 0.6220703125 0.015625 0.005859375
0 0.209375 0.65625 0.01875 0.01171875
0 0.2140625 0.779296875 0.01875 0.01171875
0 0.2859375 0.603515625 0.009375 0.015625
