0 0.47421875 0.5400390625 0.0140625 0.017578125
0 0.51875 0.5380859375 0.0125 0.017578125
0 0.55703125 0.5380859375 0.0140625 0.017578125
0 0.54765625 0.5087890625 0.0109375 0.013671875
0 0.521875 0.51171875 0.015625 0.0234375
0 0.47734375 0.5078125 0.0171875 0.03125
0 0.4984375 0.4912109375 0.009375 0.013671875
0 0.53828125 0.490234375 0.0109375 0.015625
0 0.5234375 0.474609375 0.0125 0.015625
0 0.471875 0.4677734375 0.03125 0.017578125
0 0.446875 0.482421875 0.015625 0.02734375
0 0.16953125 0.6572265625 0.0203125 0.005859375
0 0.17109375 0.6650390625 0.0203125 0.005859375
0 0.17109375 0.6728515625 0.0203125 0.005859375
0 0.16875 0.6806640625 0.021875 0.009765625
0 0.1703125 0.7216796875 0.021875 0.013671875
0 0.26171875 0.66015625 0.0109375 0.015625
0 0.16953125 0.8798828125 0.0265625 0.013671875
