0 0.48203125 0.7197265625 0.0203125 0.029296875
0 0.55546875 0.7177734375 0.0203125 0.025390625
0 0.61875 0.7177734375 0.01875 0.025390625
0 0.6015625 0.6591796875 0.01875 0.025390625
0 0.55859375 0.6650390625 0.0234375 0.037109375
0 0.4875 0.66015625 0.028125 0.0546875
0 0.5203125 0.6259765625 0.015625 0.021484375
0 0.58515625 0.6240234375 0.0203125 0.025390625
0 0.55859375 0.595703125 0.0171875 0.0234375
0 0.478125 0.5849609375 0.053125 0.029296875
0 0.4390625 0.6103515625 0.021875 0.041015625
0 0.09453125 0.984375 0.0203125 0.02734375
