0 0.47578125 0.5537109375 0.0140625 0.017578125
0 0.52109375 0.5537109375 0.0140625 0.017578125
0 0.56171875 0.552734375 0.0140625 0.015625
0 0.55234375 0.5224609375 0.0109375 0.013671875
0 0.52421875 0.5244140625 0.0140625 0.021484375
0 0.478125 0.51953125 0.01875 0.0390625
0 0.49921875 0.5029296875 0.0109375 0.013671875
0 0.54375 0.501953125 0.0125 0.015625
0 0.52421875 0.4853515625 0.0140625 0.017578125
0 0.47265625 0.4794921875 0.0328125 0.017578125
0 0.44765625 0.4951171875 0.0140625 0.029296875
0 0.15234375 0.6826171875 0.0203125 0.009765625
0 0.15390625 0.689453125 0.0203125 0.0078125
0 0.153125 0.69921875 0.021875 0.0078125
0 0.1515625 0.7080078125 0.021875 0.009765625
0 0.15234375 0.7509765625 0.0265625 0.017578125
0 0.25078125 0.68359375 0.0109375 0.015625
0 0.1484375 0.923828125 0.028125 0.015625
