0 0.48203125 0.7158203125 0.0203125 0.029296875
0 0.5546875 0.7138671875 0.01875 0.025390625
0 0.6171875 0.7138671875 0.01875 0.025390625
0 0.60078125 0.6552734375 0.0171875 0.025390625
0 0.5578125 0.6611328125 0.021875 0.037109375
0 0.4875 0.65625 0.028125 0.0546875
0 0.5203125 0.6220703125 0.015625 0.021484375
0 0.58515625 0.6201171875 0.0203125 0.025390625
0 0.55859375 0.591796875 0.0171875 0.0234375
0 0.478125 0.5810546875 0.053125 0.029296875
0 0.43984375 0.6064453125 0.0203125 0.041015625
0 0.09609375 0.98046875 0.0203125 0.02734375
