0 0.4796875 0.681640625 0.01875 0.02734375
0 0.546875 0.6796875 0.01875 0.0234375
0 0.603125 0.6796875 0.01875 0.0234375
0 0.5890625 0.6279296875 0.015625 0.021484375
0 0.55078125 0.6328125 0.0203125 0.03515625
0 0.48515625 0.62890625 0.0265625 0.05078125
0 0.515625 0.5986328125 0.015625 0.021484375
0 0.57421875 0.5966796875 0.0171875 0.025390625
0 0.55 0.5712890625 0.015625 0.021484375
0 0.47734375 0.5625 0.0484375 0.0234375
0 0.44140625 0.583984375 0.0203125 0.03515625
0 0.13203125 0.9091796875 0.0140625 0.025390625
