0 0.47578125 0.5625 0.0140625 0.01953125
0 0.52265625 0.5615234375 0.0140625 0.017578125
0 0.5640625 0.560546875 0.015625 0.015625
0 0.55390625 0.5283203125 0.0109375 0.013671875
0 0.52578125 0.53125 0.0140625 0.0234375
0 0.47890625 0.5263671875 0.0203125 0.037109375
0 0.50078125 0.5087890625 0.0109375 0.013671875
0 0.5453125 0.5078125 0.0125 0.015625
0 0.52578125 0.4912109375 0.0140625 0.017578125
0 0.47265625 0.4853515625 0.0328125 0.017578125
0 0.446875 0.5009765625 0.015625 0.029296875
0 0.14140625 0.6962890625 0.0203125 0.009765625
0 0.14296875 0.703125 0.0203125 0.0078125
0 0.1421875 0.712890625 0.021875 0.0078125
0 0.140625 0.7236328125 0.021875 0.009765625
0 0.14140625 0.7685546875 0.0265625 0.017578125
0 0.24296875 0.697265625 0.0109375 0.015625
0 0.13671875 0.94921875 0.0296875 0.015625
