0 0.4796875 0.6630859375 0.01875 0.025390625
0 0.5421875 0.6611328125 0.015625 0.025390625
0 0.5984375 0.6611328125 0.01875 0.021484375
0 0.58359375 0.6123046875 0.0171875 0.021484375
0 0.546875 0.6181640625 0.021875 0.033203125
0 0.48359375 0.6123046875 0.0234375 0.048828125
0 0.51484375 0.5859375 0.0140625 0.01953125
0 0.5703125 0.583984375 0.01875 0.0234375
0 0.54609375 0.5625 0.0140625 0.01953125
0 0.47578125 0.5517578125 0.0453125 0.025390625
0 0.44140625 0.5732421875 0.0203125 0.037109375
0 0.14921875 0.876953125 0.0171875 0.02734375
