0 0.46171875 0.5732421875 0.0078125 0.009765625
0 0.4875 0.5712890625 0.00625 0.009765625
0 0.51171875 0.572265625 0.0078125 0.0078125
0 0.50625 0.556640625 0.00625 0.0078125
0 0.490625 0.5576171875 0.009375 0.013671875
0 0.46328125 0.5546875 0.0109375 0.015625
0 0.4765625 0.546875 0.00625 0.0078125
0 0.50078125 0.5458984375 0.0078125 0.009765625
0 0.4921875 0.5380859375 0.00625 0.009765625
0 0.4609375 0.53515625 0.01875 0.01171875
0 0.4453125 0.5390625 0.009375 0.015625
0 0.30625 0.7236328125 0.0125 0.009765625
0 0.29296875 0.626953125 0.0109375 0.00390625
0 0.29375 0.6328125 0.0125 0.00390625
0 0.29375 0.63671875 0.0125 0.00390625
0 0.29453125 0.6416015625 0.0140625 0.005859375
0 0.34296875 0.6328125 0.0078125 0.0078125
0 0.2953125 0.66015625 0.0125 0.0078125
