0 0.47578125 0.603515625 0.0140625 0.01953125
0 0.5296875 0.6015625 0.015625 0.01953125
0 0.5765625 0.6015625 0.015625 0.01953125
0 0.56484375 0.564453125 0.0140625 0.01953125
0 0.5328125 0.56640625 0.01875 0.02734375
0 0.47890625 0.5625 0.0203125 0.03515625
0 0.50625 0.5400390625 0.0125 0.017578125
0 0.55390625 0.5390625 0.0140625 0.01953125
0 0.53359375 0.51953125 0.0140625 0.015625
0 0.4734375 0.5126953125 0.0375 0.021484375
0 0.44453125 0.5302734375 0.0171875 0.033203125
0 0.09140625 0.7646484375 0.0203125 0.009765625
0 0.0921875 0.7734375 0.025 0.0078125
0 0.0921875 0.783203125 0.025 0.0078125
0 0.0890625 0.794921875 0.025 0.01171875
0 0.0859375 0.85546875 0.025 0.015625
0 0.2078125 0.7646484375 0.0125 0.021484375
