0 0.4796875 0.69140625 0.01875 0.02734375
0 0.54921875 0.689453125 0.0171875 0.0234375
0 0.6078125 0.6904296875 0.01875 0.025390625
0 0.5921875 0.63671875 0.015625 0.0234375
0 0.55234375 0.640625 0.0203125 0.03515625
0 0.48515625 0.63671875 0.0265625 0.05078125
0 0.515625 0.6044921875 0.015625 0.021484375
0 0.57734375 0.603515625 0.0171875 0.0234375
0 0.55234375 0.5771484375 0.0171875 0.021484375
0 0.4765625 0.568359375 0.05 0.02734375
0 0.43984375 0.58984375 0.0203125 0.0390625
0 0.12109375 0.9326171875 0.0171875 0.025390625
