0 0.48046875 0.5400390625 0.0234375 0.037109375
0 0.56796875 0.53515625 0.0265625 0.03515625
0 0.64453125 0.5341796875 0.0203125 0.025390625
0 0.62265625 0.458984375 0.0203125 0.03515625
0 0.57265625 0.4677734375 0.0296875 0.048828125
0 0.48515625 0.4609375 0.0359375 0.06640625
0 0.52734375 0.4169921875 0.0203125 0.029296875
0 0.60234375 0.4140625 0.0234375 0.03125
0 0.57109375 0.3779296875 0.0234375 0.029296875
0 0.47578125 0.369140625 0.0640625 0.03515625
0 0.42734375 0.4013671875 0.0265625 0.048828125
