0 0.47109375 0.5029296875 0.0109375 0.013671875
0 0.509375 0.5009765625 0.0125 0.013671875
0 0.54453125 0.5009765625 0.0140625 0.013671875
0 0.5375 0.4765625 0.009375 0.01171875
0 0.5125 0.4794921875 0.0125 0.021484375
0 0.475 0.474609375 0.015625 0.03125
0 0.4921875 0.4609375 0.0125 0.01171875
0 0.52890625 0.4599609375 0.0109375 0.013671875
0 0.51484375 0.4462890625 0.0109375 0.013671875
0 0.46953125 0.4404296875 0.0296875 0.017578125
0 0.44765625 0.4541015625 0.0109375 0.025390625
0 0.20546875 0.59765625 0.0171875 0.0078125
0 0.20703125 0.60546875 0.0171875 0.00390625
0 0.2078125 0.611328125 0.015625 0.00390625
0 0.2078125 0.6181640625 0.015625 0.005859375
0 0.209375 0.65234375 0.01875 0.01171875
0 0.2125 0.775390625 0.01875 0.01171875
0 0.2859375 0.599609375 0.009375 0.015625
