0 0.47421875 0.5400390625 0.0140625 0.017578125
0 0.51875 0.5380859375 0.0125 0.017578125
0 0.55703125 0.5390625 0.0140625 0.015625
0 0.54765625 0.509765625 0.0109375 0.015625
0 0.521875 0.513671875 0.015625 0.0234375
0 0.47734375 0.5087890625 0.0171875 0.033203125
0 0.4984375 0.4912109375 0.009375 0.013671875
0 0.53828125 0.490234375 0.0109375 0.015625
0 0.5234375 0.4755859375 0.0125 0.013671875
0 0.471875 0.4677734375 0.03125 0.017578125
0 0.446875 0.4833984375 0.015625 0.025390625
0 0.16953125 0.6591796875 0.0203125 0.005859375
0 0.16953125 0.6669921875 0.0203125 0.005859375
0 0.16953125 0.673828125 0.0203125 0.0078125
0 0.16875 0.6826171875 0.021875 0.009765625
0 0.16953125 0.7236328125 0.0203125 0.013671875
0 0.26171875 0.662109375 0.0109375 0.015625
0 0.16796875 0.8818359375 0.0265625 0.013671875
