0 0.46171875 0.5673828125 0.0078125 0.009765625
0 0.4875 0.5654296875 0.00625 0.009765625
0 0.51015625 0.56640625 0.0078125 0.0078125
0 0.50625 0.55078125 0.00625 0.0078125
0 0.490625 0.5517578125 0.009375 0.013671875
0 0.4640625 0.548828125 0.009375 0.015625
0 0.4765625 0.541015625 0.00625 0.0078125
0 0.50078125 0.5400390625 0.0078125 0.009765625
0 0.4921875 0.5322265625 0.00625 0.009765625
0 0.4609375 0.5302734375 0.01875 0.009765625
0 0.446875 0.5341796875 0.009375 0.013671875
0 0.3109375 0.7119140625 0.0125 0.009765625
0 0.29765625 0.6171875 0.0109375 0.00390625
0 0.2984375 0.623046875 0.0125 0.00390625
0 0.2984375 0.62890625 0.0125 0.00390625
0 0.29921875 0.6328125 0.0140625 0.00390625
0 0.34609375 0.623046875 0.0078125 0.0078125
0 0.3015625 0.650390625 0.0125 0.0078125
