0 0.4796875 0.640625 0.021875 0.03515625
0 0.559375 0.63671875 0.025 0.03125
0 0.6328125 0.640625 0.021875 0.02734375
0 0.61171875 0.5693359375 0.0203125 0.033203125
0 0.565625 0.578125 0.028125 0.046875
0 0.484375 0.5712890625 0.034375 0.060546875
0 0.5234375 0.533203125 0.01875 0.02734375
0 0.5921875 0.53125 0.021875 0.02734375
0 0.5640625 0.498046875 0.021875 0.02734375
0 0.47578125 0.4853515625 0.0578125 0.033203125
0 0.4328125 0.517578125 0.025 0.046875
0 0.034375 0.9638671875 0.021875 0.037109375
