0 0.471875 0.49609375 0.0125 0.015625
0 0.509375 0.494140625 0.0125 0.015625
0 0.54375 0.4951171875 0.0125 0.013671875
0 0.5375 0.470703125 0.009375 0.01171875
0 0.5125 0.47265625 0.0125 0.01953125
0 0.475 0.46875 0.015625 0.03125
0 0.49296875 0.455078125 0.0109375 0.01171875
0 0.52890625 0.4541015625 0.0109375 0.013671875
0 0.51484375 0.4404296875 0.0109375 0.013671875
0 0.46953125 0.4365234375 0.0296875 0.017578125
0 0.44765625 0.44921875 0.0109375 0.0234375
0 0.21171875 0.58984375 0.0171875 0.0078125
0 0.21328125 0.5966796875 0.0171875 0.005859375
0 0.2140625 0.603515625 0.015625 0.00390625
0 0.2140625 0.6103515625 0.015625 0.005859375
0 0.215625 0.642578125 0.01875 0.01171875
0 0.2203125 0.759765625 0.01875 0.01171875
0 0.290625 0.591796875 0.009375 0.015625
