0 0.471875 0.5126953125 0.0125 0.017578125
0 0.5125 0.5126953125 0.0125 0.017578125
0 0.54765625 0.5126953125 0.0109375 0.013671875
0 0.540625 0.4873046875 0.009375 0.013671875
0 0.51640625 0.4892578125 0.0140625 0.021484375
0 0.475 0.4853515625 0.015625 0.029296875
0 0.4953125 0.4697265625 0.009375 0.013671875
0 0.53203125 0.46875 0.0109375 0.015625
0 0.51796875 0.455078125 0.0109375 0.01171875
0 0.46953125 0.4482421875 0.0296875 0.017578125
0 0.44765625 0.462890625 0.0140625 0.0234375
0 0.19375 0.619140625 0.021875 0.0078125
0 0.19609375 0.6259765625 0.0203125 0.005859375
0 0.196875 0.6318359375 0.01875 0.005859375
0 0.19453125 0.638671875 0.0171875 0.0078125
0 0.196875 0.6748046875 0.01875 0.013671875
0 0.27890625 0.62109375 0.0109375 0.015625
0 0.20234375 0.8095703125 0.0234375 0.013671875
