0 0.48046875 0.69921875 0.0203125 0.02734375
0 0.55 0.6982421875 0.01875 0.025390625
0 0.6109375 0.6982421875 0.01875 0.025390625
0 0.59453125 0.642578125 0.0171875 0.0234375
0 0.553125 0.6474609375 0.021875 0.037109375
0 0.48515625 0.6435546875 0.0265625 0.052734375
0 0.5171875 0.6103515625 0.015625 0.021484375
0 0.5796875 0.6083984375 0.01875 0.025390625
0 0.55390625 0.58203125 0.0171875 0.0234375
0 0.478125 0.57421875 0.05 0.02734375
0 0.44140625 0.595703125 0.0203125 0.0390625
0 0.11328125 0.9462890625 0.0171875 0.025390625
