0 0.48203125 0.701171875 0.0203125 0.02734375
0 0.55234375 0.7001953125 0.0171875 0.025390625
0 0.6125 0.7001953125 0.01875 0.025390625
0 0.596875 0.64453125 0.015625 0.0234375
0 0.55625 0.6513671875 0.021875 0.037109375
0 0.4875 0.6474609375 0.028125 0.052734375
0 0.51875 0.6142578125 0.015625 0.021484375
0 0.58125 0.6103515625 0.01875 0.025390625
0 0.55546875 0.583984375 0.0171875 0.0234375
0 0.478125 0.576171875 0.05 0.02734375
0 0.44140625 0.599609375 0.0203125 0.0390625
0 0.11171875 0.9501953125 0.0171875 0.025390625
