0 0.4671875 0.5654296875 0.009375 0.013671875
0 0.50390625 0.5634765625 0.0109375 0.013671875
0 0.534375 0.5634765625 0.0125 0.013671875
0 0.528125 0.541015625 0.009375 0.01171875
0 0.5078125 0.54296875 0.0125 0.01953125
0 0.4703125 0.5400390625 0.015625 0.029296875
0 0.4875 0.525390625 0.0125 0.01171875
0 0.52109375 0.5244140625 0.0109375 0.013671875
0 0.50859375 0.5126953125 0.0109375 0.013671875
0 0.4671875 0.5087890625 0.028125 0.017578125
0 0.44609375 0.5205078125 0.0109375 0.021484375
0 0.228125 0.6513671875 0.015625 0.005859375
0 0.22734375 0.658203125 0.0140625 0.00390625
0 0.22734375 0.6640625 0.0140625 0.00390625
0 0.2265625 0.6689453125 0.015625 0.005859375
0 0.22890625 0.697265625 0.0171875 0.01171875
0 0.23828125 0.802734375 0.0171875 0.01171875
0 0.2984375 0.65234375 0.009375 0.015625
