0 0.4765625 0.580078125 0.015625 0.01953125
0 0.52578125 0.578125 0.0140625 0.01953125
0 0.5703125 0.578125 0.015625 0.015625
0 0.559375 0.54296875 0.0125 0.015625
0 0.5296875 0.5458984375 0.015625 0.025390625
0 0.47890625 0.54296875 0.0203125 0.0390625
0 0.50234375 0.521484375 0.0109375 0.015625
0 0.5484375 0.5205078125 0.0125 0.017578125
0 0.53046875 0.50390625 0.0140625 0.015625
0 0.47265625 0.49609375 0.0359375 0.01953125
0 0.4453125 0.513671875 0.015625 0.02734375
0 0.11875 0.7255859375 0.025 0.009765625
0 0.12109375 0.734375 0.0234375 0.0078125
0 0.12109375 0.744140625 0.0234375 0.0078125
0 0.11875 0.7548828125 0.021875 0.009765625
0 0.1171875 0.8056640625 0.028125 0.021484375
0 0.228125 0.7255859375 0.0125 0.017578125
