0 0.4765625 0.576171875 0.015625 0.01953125
0 0.52578125 0.57421875 0.0140625 0.01953125
0 0.56875 0.57421875 0.015625 0.015625
0 0.5578125 0.5400390625 0.0125 0.013671875
0 0.52890625 0.54296875 0.0140625 0.0234375
0 0.47890625 0.5390625 0.0203125 0.0390625
0 0.50234375 0.51953125 0.0109375 0.015625
0 0.5484375 0.517578125 0.0125 0.015625
0 0.52890625 0.5009765625 0.0140625 0.017578125
0 0.47265625 0.494140625 0.0359375 0.01953125
0 0.4453125 0.5107421875 0.015625 0.029296875
0 0.12421875 0.7177734375 0.0234375 0.009765625
0 0.1265625 0.7265625 0.021875 0.0078125
0 0.12578125 0.736328125 0.0234375 0.0078125
0 0.12421875 0.7470703125 0.0234375 0.009765625
0 0.1234375 0.796875 0.028125 0.01953125
0 0.23203125 0.71875 0.0109375 0.015625
