0 0.4703125 0.482421875 0.009375 0.015625
0 0.50703125 0.48046875 0.0109375 0.015625
0 0.5390625 0.4814453125 0.0125 0.013671875
0 0.5328125 0.45703125 0.009375 0.01171875
0 0.5109375 0.4599609375 0.0125 0.017578125
0 0.4734375 0.4560546875 0.015625 0.029296875
0 0.490625 0.443359375 0.0125 0.01171875
0 0.52421875 0.4423828125 0.0109375 0.013671875
0 0.51171875 0.4287109375 0.0109375 0.013671875
0 0.46875 0.4248046875 0.028125 0.017578125
0 0.44765625 0.4375 0.0109375 0.0234375
0 0.2234375 0.5732421875 0.015625 0.005859375
0 0.221875 0.578125 0.015625 0.00390625
0 0.22265625 0.583984375 0.0140625 0.00390625
0 0.2234375 0.5908203125 0.015625 0.005859375
0 0.22421875 0.619140625 0.0171875 0.01171875
0 0.2328125 0.7294921875 0.01875 0.009765625
0 0.29609375 0.572265625 0.0109375 0.015625
