0 0.47734375 0.55859375 0.0078125 0.0078125
0 0.46328125 0.5869140625 0.0078125 0.009765625
0 0.4890625 0.5849609375 0.009375 0.009765625
0 0.51328125 0.5849609375 0.0078125 0.009765625
0 0.509375 0.568359375 0.00625 0.0078125
0 0.49296875 0.5693359375 0.0078125 0.013671875
0 0.4640625 0.5673828125 0.0125 0.021484375
0 0.50390625 0.5576171875 0.0078125 0.009765625
0 0.49375 0.548828125 0.009375 0.01171875
0 0.4609375 0.5458984375 0.021875 0.013671875
0 0.44375 0.5517578125 0.009375 0.017578125
0 0.28359375 0.65625 0.0109375 0.00390625
0 0.2828125 0.6513671875 0.0125 0.001953125
0 0.33515625 0.6484375 0.0078125 0.0078125
0 0.29453125 0.7490234375 0.0140625 0.005859375
0 0.28671875 0.6767578125 0.0140625 0.009765625
