0 0.471875 0.5078125 0.0125 0.015625
0 0.5109375 0.505859375 0.0125 0.015625
0 0.54609375 0.5068359375 0.0140625 0.013671875
0 0.5390625 0.48046875 0.009375 0.01171875
0 0.5140625 0.4833984375 0.0125 0.021484375
0 0.475 0.478515625 0.015625 0.03125
0 0.49375 0.46484375 0.0125 0.01171875
0 0.53046875 0.4638671875 0.0109375 0.013671875
0 0.51640625 0.4501953125 0.0109375 0.013671875
0 0.46953125 0.4443359375 0.0296875 0.017578125
0 0.44765625 0.4580078125 0.0109375 0.025390625
0 0.2015625 0.607421875 0.01875 0.0078125
0 0.203125 0.6142578125 0.01875 0.005859375
0 0.203125 0.62109375 0.015625 0.00390625
0 0.203125 0.6279296875 0.015625 0.005859375
0 0.2046875 0.662109375 0.01875 0.01171875
0 0.209375 0.791015625 0.01875 0.01171875
0 0.2828125 0.609375 0.009375 0.015625
