0 0.46171875 0.5751953125 0.0078125 0.009765625
0 0.4875 0.5732421875 0.00625 0.009765625
0 0.51171875 0.57421875 0.0078125 0.0078125
0 0.50625 0.55859375 0.00625 0.0078125
0 0.490625 0.5595703125 0.009375 0.013671875
0 0.46328125 0.556640625 0.0109375 0.015625
0 0.4765625 0.548828125 0.00625 0.0078125
0 0.50078125 0.5478515625 0.0078125 0.009765625
0 0.4921875 0.5400390625 0.00625 0.009765625
0 0.4609375 0.537109375 0.01875 0.01171875
0 0.4453125 0.541015625 0.009375 0.015625
0 0.3046875 0.7255859375 0.0125 0.009765625
0 0.29140625 0.626953125 0.0109375 0.00390625
0 0.2921875 0.6328125 0.0125 0.00390625
0 0.2921875 0.638671875 0.0125 0.00390625
0 0.29296875 0.642578125 0.0140625 0.00390625
0 0.34140625 0.6328125 0.0078125 0.0078125
0 0.2953125 0.662109375 0.0125 0.0078125
