0 0.49609375 0.431640625 0.0390625 0.06640625
0 0.6640625 0.4189453125 0.040625 0.064453125
0 0.81171875 0.4130859375 0.0453125 0.064453125
0 0.7546875 0.2236328125 0.0375 0.056640625
0 0.66328125 0.2509765625 0.0515625 0.083984375
0 0.50546875 0.240234375 0.0609375 0.12890625
0 0.571875 0.1240234375 0.034375 0.052734375
0 0.7078125 0.1171875 0.0375 0.05859375
0 0.39921875 0.0908203125 0.0453125 0.091796875
0 0.6484375 0.0380859375 0.034375 0.048828125
0 0.47578125 0.0205078125 0.1171875 0.041015625
