0 0.471875 0.50390625 0.0125 0.015625
0 0.5109375 0.501953125 0.0125 0.015625
0 0.54609375 0.5029296875 0.0140625 0.013671875
0 0.5390625 0.4765625 0.009375 0.01171875
0 0.5140625 0.4794921875 0.0125 0.017578125
0 0.475 0.4755859375 0.015625 0.029296875
0 0.49375 0.462890625 0.0125 0.01171875
0 0.53046875 0.4619140625 0.0109375 0.013671875
0 0.51640625 0.4482421875 0.0109375 0.013671875
0 0.46953125 0.4423828125 0.0296875 0.017578125
0 0.44765625 0.4560546875 0.0109375 0.025390625
0 0.203125 0.60546875 0.01875 0.0078125
0 0.2046875 0.6123046875 0.01875 0.005859375
0 0.2046875 0.619140625 0.015625 0.00390625
0 0.2046875 0.6259765625 0.015625 0.005859375
0 0.20625 0.66015625 0.01875 0.01171875
0 0.20859375 0.7861328125 0.0171875 0.009765625
0 0.28359375 0.607421875 0.0109375 0.015625
