0 0.4796875 0.6796875 0.01875 0.02734375
0 0.54609375 0.677734375 0.0171875 0.0234375
0 0.603125 0.677734375 0.01875 0.0234375
0 0.5890625 0.6259765625 0.015625 0.021484375
0 0.55 0.630859375 0.021875 0.03515625
0 0.48515625 0.626953125 0.0265625 0.05078125
0 0.515625 0.5966796875 0.015625 0.021484375
0 0.57421875 0.595703125 0.0171875 0.0234375
0 0.55 0.5693359375 0.015625 0.021484375
0 0.47734375 0.5595703125 0.0484375 0.025390625
0 0.44140625 0.58203125 0.0203125 0.03515625
0 0.13359375 0.9052734375 0.0140625 0.025390625
