0 0.47578125 0.5595703125 0.0140625 0.017578125
0 0.521875 0.55859375 0.0125 0.01953125
0 0.56328125 0.55859375 0.0140625 0.015625
0 0.553125 0.5263671875 0.0125 0.013671875
0 0.52578125 0.5283203125 0.0140625 0.021484375
0 0.478125 0.5244140625 0.01875 0.037109375
0 0.50078125 0.505859375 0.0109375 0.015625
0 0.54375 0.5048828125 0.0125 0.017578125
0 0.52578125 0.48828125 0.0140625 0.015625
0 0.47265625 0.482421875 0.0328125 0.015625
0 0.446875 0.498046875 0.015625 0.02734375
0 0.14609375 0.69140625 0.0203125 0.0078125
0 0.146875 0.697265625 0.021875 0.0078125
0 0.146875 0.70703125 0.021875 0.0078125
0 0.1453125 0.7177734375 0.021875 0.009765625
0 0.1453125 0.7626953125 0.025 0.017578125
0 0.24609375 0.6923828125 0.0109375 0.013671875
0 0.14140625 0.939453125 0.0296875 0.015625
