0 0.46796875 0.5205078125 0.0109375 0.013671875
0 0.50390625 0.5185546875 0.0109375 0.013671875
0 0.5359375 0.5185546875 0.0125 0.013671875
0 0.5296875 0.49609375 0.009375 0.01171875
0 0.5078125 0.498046875 0.0125 0.01953125
0 0.471875 0.4951171875 0.015625 0.029296875
0 0.48828125 0.48046875 0.0109375 0.01171875
0 0.52109375 0.4794921875 0.0109375 0.013671875
0 0.50859375 0.4677734375 0.0109375 0.013671875
0 0.46796875 0.4638671875 0.0296875 0.017578125
0 0.4453125 0.4755859375 0.0125 0.021484375
0 0.22578125 0.609375 0.0171875 0.0078125
0 0.228125 0.6171875 0.015625 0.00390625
0 0.22734375 0.623046875 0.0140625 0.00390625
0 0.2265625 0.6298828125 0.015625 0.005859375
0 0.22890625 0.658203125 0.0171875 0.01171875
0 0.23515625 0.763671875 0.0171875 0.01171875
0 0.3 0.611328125 0.009375 0.015625
