0 0.46875 0.4814453125 0.009375 0.013671875
0 0.50546875 0.4794921875 0.0109375 0.013671875
0 0.53671875 0.48046875 0.0140625 0.015625
0 0.5296875 0.45703125 0.009375 0.01171875
0 0.509375 0.458984375 0.0125 0.01953125
0 0.471875 0.455078125 0.015625 0.02734375
0 0.4890625 0.44140625 0.0125 0.01171875
0 0.52265625 0.4423828125 0.0109375 0.013671875
0 0.51015625 0.4306640625 0.0109375 0.013671875
0 0.4671875 0.4228515625 0.028125 0.017578125
0 0.44609375 0.435546875 0.0109375 0.0234375
0 0.22421875 0.5712890625 0.0171875 0.005859375
0 0.225 0.578125 0.015625 0.00390625
0 0.22421875 0.583984375 0.0140625 0.00390625
0 0.2234375 0.5888671875 0.015625 0.005859375
0 0.22578125 0.619140625 0.0171875 0.01171875
0 0.23359375 0.7275390625 0.0171875 0.009765625
0 0.29765625 0.572265625 0.0109375 0.015625
