0 0.4859375 0.5400390625 0.034375 0.060546875
0 0.61953125 0.5283203125 0.0359375 0.052734375
0 0.740625 0.5244140625 0.040625 0.052734375
0 0.69609375 0.388671875 0.0328125 0.046875
0 0.62421875 0.4091796875 0.0421875 0.072265625
0 0.496875 0.396484375 0.046875 0.10546875
0 0.5515625 0.3173828125 0.028125 0.044921875
0 0.6609375 0.30859375 0.03125 0.046875
0 0.61640625 0.2509765625 0.0328125 0.037109375
0 0.4765625 0.2333984375 0.090625 0.048828125
0 0.41171875 0.2919921875 0.0359375 0.072265625
