0 0.49609375 0.623046875 0.0109375 0.01171875
0 0.46328125 0.6240234375 0.0109375 0.013671875
0 0.525 0.623046875 0.009375 0.01171875
0 0.51875 0.6025390625 0.009375 0.009765625
0 0.5 0.603515625 0.009375 0.015625
0 0.46640625 0.6015625 0.0109375 0.0234375
0 0.48203125 0.5908203125 0.0109375 0.009765625
0 0.5125 0.58984375 0.00625 0.01171875
0 0.5015625 0.5791015625 0.009375 0.013671875
0 0.46171875 0.57421875 0.0234375 0.015625
0 0.44296875 0.583984375 0.0109375 0.01953125
0 0.24921875 0.6962890625 0.0140625 0.005859375
0 0.24921875 0.703125 0.0140625 0.00390625
0 0.24921875 0.70703125 0.0140625 0.00390625
0 0.25 0.712890625 0.0125 0.0078125
0 0.25234375 0.7373046875 0.0171875 0.009765625
0 0.31328125 0.69921875 0.0078125 0.01171875
0 0.2609375 0.830078125 0.01875 0.01171875
