0 0.47421875 0.5380859375 0.0140625 0.017578125
0 0.5171875 0.5361328125 0.0125 0.017578125
0 0.55625 0.5361328125 0.0125 0.017578125
0 0.54765625 0.5078125 0.0109375 0.015625
0 0.521875 0.5107421875 0.015625 0.021484375
0 0.4765625 0.505859375 0.015625 0.03125
0 0.4984375 0.4892578125 0.009375 0.013671875
0 0.53828125 0.48828125 0.0109375 0.015625
0 0.52265625 0.4736328125 0.0109375 0.013671875
0 0.47109375 0.4658203125 0.0296875 0.017578125
0 0.446875 0.4814453125 0.015625 0.025390625
0 0.17109375 0.6552734375 0.0203125 0.005859375
0 0.17265625 0.6630859375 0.0203125 0.005859375
0 0.17265625 0.669921875 0.0203125 0.0078125
0 0.1703125 0.6787109375 0.021875 0.009765625
0 0.171875 0.7197265625 0.021875 0.013671875
0 0.26328125 0.658203125 0.0109375 0.015625
0 0.17109375 0.8740234375 0.0265625 0.013671875
