0 0.48046875 0.7021484375 0.0203125 0.029296875
0 0.5515625 0.7001953125 0.01875 0.025390625
0 0.6125 0.7001953125 0.01875 0.025390625
0 0.59765625 0.64453125 0.0171875 0.0234375
0 0.55625 0.6494140625 0.021875 0.037109375
0 0.4875 0.64453125 0.028125 0.0546875
0 0.51875 0.6123046875 0.015625 0.021484375
0 0.58125 0.6103515625 0.01875 0.025390625
0 0.55546875 0.5830078125 0.0171875 0.021484375
0 0.478125 0.5732421875 0.05 0.029296875
0 0.44140625 0.5966796875 0.0203125 0.041015625
0 0.109375 0.9541015625 0.01875 0.025390625
