0 0.46875 0.49609375 0.0125 0.015625
0 0.50703125 0.494140625 0.0109375 0.015625
0 0.540625 0.4951171875 0.0125 0.013671875
0 0.534375 0.46875 0.009375 0.01171875
0 0.5109375 0.47265625 0.0125 0.01953125
0 0.471875 0.4677734375 0.015625 0.029296875
0 0.490625 0.455078125 0.0125 0.01171875
0 0.52578125 0.4541015625 0.0109375 0.013671875
0 0.51171875 0.4404296875 0.0109375 0.013671875
0 0.46640625 0.4345703125 0.0296875 0.017578125
0 0.44453125 0.4482421875 0.0109375 0.025390625
0 0.2109375 0.58984375 0.01875 0.0078125
0 0.21328125 0.5966796875 0.0171875 0.005859375
0 0.2125 0.603515625 0.015625 0.00390625
0 0.2125 0.6103515625 0.015625 0.005859375
0 0.2140625 0.642578125 0.01875 0.01171875
0 0.22109375 0.7626953125 0.0171875 0.009765625
0 0.28984375 0.591796875 0.0109375 0.015625
