0 0.47109375 0.501953125 0.0109375 0.015625
0 0.509375 0.5 0.0125 0.015625
0 0.54375 0.5009765625 0.0125 0.013671875
0 0.5375 0.474609375 0.009375 0.01171875
0 0.5125 0.4775390625 0.0125 0.021484375
0 0.4734375 0.4736328125 0.015625 0.029296875
0 0.4921875 0.458984375 0.0125 0.01171875
0 0.52890625 0.4580078125 0.0109375 0.013671875
0 0.51484375 0.4462890625 0.0109375 0.013671875
0 0.46875 0.4404296875 0.028125 0.017578125
0 0.44765625 0.453125 0.0109375 0.0234375
0 0.20625 0.5986328125 0.01875 0.005859375
0 0.20859375 0.6064453125 0.0171875 0.005859375
0 0.2078125 0.61328125 0.015625 0.00390625
0 0.2078125 0.6181640625 0.015625 0.005859375
0 0.209375 0.65234375 0.01875 0.01171875
0 0.21640625 0.7734375 0.0171875 0.01171875
0 0.28828125 0.599609375 0.0109375 0.01171875
