0 0.46328125 0.6103515625 0.0109375 0.013671875
0 0.49296875 0.6103515625 0.0078125 0.009765625
0 0.52109375 0.6103515625 0.0078125 0.009765625
0 0.51484375 0.5908203125 0.0078125 0.009765625
0 0.496875 0.591796875 0.009375 0.015625
0 0.46640625 0.5888671875 0.0140625 0.021484375
0 0.4796875 0.5810546875 0.009375 0.009765625
0 0.509375 0.5791015625 0.009375 0.009765625
0 0.49765625 0.5693359375 0.0109375 0.009765625
0 0.46171875 0.5654296875 0.0234375 0.013671875
0 0.44296875 0.5732421875 0.0109375 0.017578125
0 0.2609375 0.6787109375 0.0125 0.005859375
0 0.26171875 0.685546875 0.0140625 0.00390625
0 0.26171875 0.689453125 0.0140625 0.00390625
0 0.2640625 0.716796875 0.015625 0.01171875
0 0.3203125 0.6826171875 0.009375 0.009765625
0 0.27421875 0.80078125 0.0140625 0.0078125
