0 0.49609375 0.62109375 0.0109375 0.01171875
0 0.46328125 0.623046875 0.0109375 0.01171875
0 0.52421875 0.6220703125 0.0078125 0.009765625
0 0.51796875 0.6015625 0.0078125 0.01171875
0 0.5 0.603515625 0.009375 0.015625
0 0.46640625 0.6005859375 0.0109375 0.025390625
0 0.48203125 0.58984375 0.0109375 0.01171875
0 0.5125 0.5888671875 0.00625 0.009765625
0 0.5015625 0.578125 0.009375 0.01171875
0 0.46171875 0.5732421875 0.0234375 0.013671875
0 0.44296875 0.58203125 0.0109375 0.01953125
0 0.25 0.6962890625 0.015625 0.005859375
0 0.25078125 0.703125 0.0140625 0.00390625
0 0.25078125 0.705078125 0.0140625 0.00390625
0 0.2515625 0.7119140625 0.0125 0.005859375
0 0.25390625 0.7353515625 0.0171875 0.009765625
0 0.31484375 0.69921875 0.0078125 0.01171875
0 0.2609375 0.828125 0.01875 0.01171875
