0 0.4625 0.607421875 0.009375 0.01171875
0 0.49296875 0.6064453125 0.0078125 0.009765625
0 0.51953125 0.6064453125 0.0078125 0.009765625
0 0.51328125 0.5888671875 0.0078125 0.009765625
0 0.4953125 0.58984375 0.009375 0.015625
0 0.46484375 0.5869140625 0.0140625 0.021484375
0 0.4796875 0.578125 0.009375 0.01171875
0 0.5078125 0.576171875 0.009375 0.01171875
0 0.496875 0.56640625 0.009375 0.01171875
0 0.4609375 0.5625 0.021875 0.01171875
0 0.44375 0.5703125 0.009375 0.01953125
0 0.2640625 0.6748046875 0.0125 0.005859375
0 0.26484375 0.6806640625 0.0140625 0.005859375
0 0.26484375 0.685546875 0.0140625 0.00390625
0 0.2671875 0.712890625 0.015625 0.01171875
0 0.3234375 0.6787109375 0.009375 0.009765625
0 0.27734375 0.7939453125 0.0140625 0.009765625
