0 0.46328125 0.5634765625 0.0078125 0.009765625
0 0.48828125 0.5625 0.0078125 0.0078125
0 0.51015625 0.5625 0.0078125 0.0078125
0 0.5046875 0.548828125 0.00625 0.0078125
0 0.48984375 0.548828125 0.0078125 0.01171875
0 0.46484375 0.546875 0.0109375 0.015625
0 0.47734375 0.5390625 0.0078125 0.0078125
0 0.49921875 0.5380859375 0.0078125 0.009765625
0 0.49140625 0.5302734375 0.0078125 0.009765625
0 0.4625 0.5283203125 0.01875 0.009765625
0 0.446875 0.5322265625 0.009375 0.013671875
0 0.31328125 0.7080078125 0.0140625 0.009765625
0 0.29921875 0.615234375 0.0109375 0.00390625
0 0.3 0.62109375 0.0125 0.00390625
0 0.3 0.625 0.0125 0.00390625
0 0.3015625 0.6298828125 0.0125 0.005859375
0 0.34765625 0.62109375 0.0078125 0.0078125
0 0.303125 0.6474609375 0.0125 0.005859375
