0 0.478125 0.638671875 0.015625 0.0234375
0 0.5375 0.63671875 0.015625 0.0234375
0 0.58984375 0.63671875 0.0171875 0.01953125
0 0.5765625 0.5927734375 0.015625 0.021484375
0 0.54140625 0.59765625 0.0203125 0.03125
0 0.48203125 0.591796875 0.0234375 0.04296875
0 0.5109375 0.5673828125 0.0125 0.017578125
0 0.5640625 0.5654296875 0.015625 0.021484375
0 0.54140625 0.5458984375 0.0140625 0.017578125
0 0.475 0.53515625 0.040625 0.0234375
0 0.44375 0.5556640625 0.01875 0.037109375
0 0.03984375 0.8291015625 0.0296875 0.009765625
0 0.0421875 0.8408203125 0.028125 0.013671875
0 0.04140625 0.853515625 0.0296875 0.01171875
0 0.03828125 0.8671875 0.0296875 0.01171875
0 0.03203125 0.9375 0.0296875 0.01953125
0 0.17578125 0.8251953125 0.0171875 0.025390625
