0 0.46796875 0.6298828125 0.0109375 0.013671875
0 0.50234375 0.62890625 0.0109375 0.01171875
0 0.53359375 0.62890625 0.0109375 0.01171875
0 0.5265625 0.6064453125 0.009375 0.009765625
0 0.50703125 0.6083984375 0.0109375 0.017578125
0 0.4703125 0.6044921875 0.015625 0.025390625
0 0.48671875 0.59375 0.0109375 0.01171875
0 0.51953125 0.591796875 0.0109375 0.01171875
0 0.50703125 0.580078125 0.0109375 0.01171875
0 0.465625 0.5751953125 0.025 0.017578125
0 0.44453125 0.5859375 0.0140625 0.0234375
0 0.22890625 0.7158203125 0.0171875 0.005859375
0 0.23046875 0.72265625 0.0140625 0.00390625
0 0.23125 0.728515625 0.015625 0.00390625
0 0.23359375 0.732421875 0.0140625 0.0078125
0 0.234375 0.759765625 0.01875 0.01171875
0 0.30234375 0.7177734375 0.0078125 0.009765625
0 0.23984375 0.8662109375 0.0171875 0.009765625
