0 0.46328125 0.5537109375 0.0078125 0.009765625
0 0.48828125 0.552734375 0.0078125 0.0078125
0 0.50859375 0.552734375 0.0078125 0.0078125
0 0.5046875 0.5390625 0.00625 0.0078125
0 0.48984375 0.5390625 0.0078125 0.01171875
0 0.465625 0.537109375 0.009375 0.015625
0 0.47734375 0.529296875 0.0078125 0.0078125
0 0.49921875 0.5283203125 0.0078125 0.009765625
0 0.49140625 0.521484375 0.0078125 0.0078125
0 0.4625 0.51953125 0.01875 0.0078125
0 0.4484375 0.5244140625 0.009375 0.013671875
0 0.3203125 0.6923828125 0.015625 0.009765625
0 0.30546875 0.603515625 0.0109375 0.00390625
0 0.3078125 0.609375 0.0125 0.00390625
0 0.30703125 0.61328125 0.0140625 0.00390625
0 0.30859375 0.6181640625 0.0109375 0.005859375
0 0.35390625 0.609375 0.0078125 0.0078125
0 0.3109375 0.6337890625 0.0125 0.005859375
