0 0.46796875 0.6376953125 0.0109375 0.013671875
0 0.50234375 0.63671875 0.0109375 0.01171875
0 0.53359375 0.63671875 0.0109375 0.01171875
0 0.5265625 0.6142578125 0.009375 0.009765625
0 0.50703125 0.6162109375 0.0109375 0.017578125
0 0.4703125 0.6123046875 0.015625 0.025390625
0 0.48671875 0.6015625 0.0109375 0.01171875
0 0.51953125 0.599609375 0.0109375 0.01171875
0 0.50703125 0.587890625 0.0109375 0.01171875
0 0.465625 0.5830078125 0.025 0.017578125
0 0.44453125 0.59375 0.0140625 0.0234375
0 0.23046875 0.7255859375 0.0171875 0.005859375
0 0.23203125 0.732421875 0.0140625 0.00390625
0 0.2328125 0.736328125 0.015625 0.00390625
0 0.234375 0.7421875 0.015625 0.00390625
0 0.234375 0.767578125 0.01875 0.01171875
0 0.30390625 0.7236328125 0.0078125 0.009765625
0 0.23984375 0.8720703125 0.0171875 0.009765625
