0 0.4765625 0.5888671875 0.015625 0.021484375
0 0.52734375 0.587890625 0.0140625 0.01953125
0 0.5734375 0.5869140625 0.015625 0.017578125
0 0.56171875 0.55078125 0.0140625 0.015625
0 0.53125 0.5546875 0.015625 0.02734375
0 0.4796875 0.55078125 0.021875 0.0390625
0 0.503125 0.529296875 0.0125 0.015625
0 0.55 0.5283203125 0.0125 0.017578125
0 0.53203125 0.5107421875 0.0140625 0.017578125
0 0.47265625 0.5029296875 0.0390625 0.021484375
0 0.44375 0.5205078125 0.015625 0.029296875
0 0.10703125 0.7412109375 0.0265625 0.009765625
0 0.109375 0.7509765625 0.025 0.009765625
0 0.109375 0.7607421875 0.025 0.009765625
0 0.10703125 0.7705078125 0.0234375 0.009765625
0 0.10390625 0.82421875 0.0296875 0.0234375
0 0.2203125 0.7412109375 0.0125 0.017578125
