0 0.47734375 0.6318359375 0.0171875 0.021484375
0 0.5359375 0.6298828125 0.015625 0.021484375
0 0.58828125 0.6298828125 0.0171875 0.021484375
0 0.575 0.587890625 0.015625 0.01953125
0 0.53984375 0.5908203125 0.0203125 0.029296875
0 0.48125 0.5869140625 0.021875 0.041015625
0 0.51015625 0.5625 0.0140625 0.01953125
0 0.5625 0.5615234375 0.015625 0.021484375
0 0.53984375 0.5400390625 0.0140625 0.017578125
0 0.475 0.53125 0.040625 0.0234375
0 0.44375 0.55078125 0.01875 0.03515625
0 0.05 0.8173828125 0.028125 0.009765625
0 0.05078125 0.828125 0.0265625 0.01171875
0 0.05 0.83984375 0.028125 0.01171875
0 0.046875 0.853515625 0.028125 0.01171875
0 0.0421875 0.921875 0.028125 0.01953125
0 0.1828125 0.8125 0.015625 0.0234375
