0 0.4765625 0.5830078125 0.015625 0.021484375
0 0.5265625 0.58203125 0.015625 0.01953125
0 0.57109375 0.5810546875 0.0140625 0.017578125
0 0.56015625 0.5458984375 0.0140625 0.013671875
0 0.5296875 0.5498046875 0.015625 0.025390625
0 0.4796875 0.544921875 0.021875 0.0390625
0 0.503125 0.5244140625 0.0125 0.017578125
0 0.55 0.5224609375 0.0125 0.017578125
0 0.53046875 0.505859375 0.0140625 0.015625
0 0.47265625 0.498046875 0.0359375 0.01953125
0 0.44453125 0.515625 0.0171875 0.02734375
0 0.115625 0.73046875 0.025 0.01171875
0 0.11796875 0.7392578125 0.0234375 0.009765625
0 0.1171875 0.7490234375 0.025 0.009765625
0 0.11484375 0.7607421875 0.0234375 0.009765625
0 0.11328125 0.8115234375 0.0296875 0.021484375
0 0.22578125 0.7314453125 0.0109375 0.017578125
