0 0.48046875 0.7216796875 0.0203125 0.029296875
0 0.5546875 0.7197265625 0.01875 0.025390625
0 0.61875 0.7197265625 0.01875 0.025390625
0 0.60078125 0.6611328125 0.0171875 0.025390625
0 0.5578125 0.6669921875 0.021875 0.037109375
0 0.48515625 0.662109375 0.0296875 0.0546875
0 0.51953125 0.6279296875 0.0171875 0.025390625
0 0.58515625 0.625 0.0203125 0.02734375
0 0.55703125 0.595703125 0.0171875 0.0234375
0 0.478125 0.5888671875 0.053125 0.029296875
0 0.4390625 0.6142578125 0.021875 0.041015625
0 0.0890625 0.98828125 0.01875 0.0234375
