0 0.47421875 0.5322265625 0.0140625 0.017578125
0 0.5171875 0.5302734375 0.0125 0.017578125
0 0.5546875 0.53125 0.0125 0.015625
0 0.54609375 0.5029296875 0.0109375 0.013671875
0 0.5203125 0.505859375 0.015625 0.0234375
0 0.4765625 0.501953125 0.015625 0.03125
0 0.49765625 0.4853515625 0.0109375 0.013671875
0 0.53671875 0.484375 0.0109375 0.015625
0 0.521875 0.4697265625 0.0125 0.013671875
0 0.47109375 0.4619140625 0.0296875 0.017578125
0 0.446875 0.4775390625 0.015625 0.025390625
0 0.1765625 0.6474609375 0.021875 0.005859375
0 0.17734375 0.6552734375 0.0203125 0.005859375
0 0.17734375 0.662109375 0.0203125 0.0078125
0 0.17578125 0.669921875 0.0203125 0.0078125
0 0.17734375 0.7099609375 0.0203125 0.013671875
0 0.26640625 0.650390625 0.0109375 0.015625
0 0.178125 0.8603515625 0.025 0.013671875
