0 0.47734375 0.6279296875 0.0171875 0.021484375
0 0.5359375 0.6259765625 0.015625 0.021484375
0 0.58671875 0.6259765625 0.0171875 0.021484375
0 0.5734375 0.583984375 0.015625 0.01953125
0 0.53828125 0.587890625 0.0203125 0.03125
0 0.48125 0.5830078125 0.021875 0.041015625
0 0.509375 0.5595703125 0.0125 0.017578125
0 0.5609375 0.5576171875 0.015625 0.021484375
0 0.5390625 0.5380859375 0.015625 0.017578125
0 0.47421875 0.529296875 0.0390625 0.0234375
0 0.44375 0.548828125 0.01875 0.03515625
0 0.05546875 0.810546875 0.0265625 0.01171875
0 0.05625 0.8212890625 0.028125 0.009765625
0 0.05625 0.8330078125 0.028125 0.009765625
0 0.053125 0.845703125 0.028125 0.01171875
0 0.0484375 0.9130859375 0.028125 0.017578125
0 0.1859375 0.8046875 0.015625 0.0234375
