0 0.4703125 0.498046875 0.0125 0.015625
0 0.50859375 0.49609375 0.0109375 0.015625
0 0.54296875 0.4970703125 0.0140625 0.013671875
0 0.5359375 0.470703125 0.009375 0.01171875
0 0.5125 0.4736328125 0.0125 0.021484375
0 0.4734375 0.4697265625 0.015625 0.029296875
0 0.4921875 0.455078125 0.0125 0.01171875
0 0.52734375 0.4541015625 0.0109375 0.013671875
0 0.51328125 0.4423828125 0.0109375 0.013671875
0 0.46796875 0.4365234375 0.0296875 0.017578125
0 0.44609375 0.44921875 0.0109375 0.0234375
0 0.2109375 0.59375 0.01875 0.0078125
0 0.2125 0.6005859375 0.01875 0.005859375
0 0.2125 0.607421875 0.015625 0.00390625
0 0.2125 0.6123046875 0.015625 0.005859375
0 0.2140625 0.6455078125 0.015625 0.009765625
0 0.2203125 0.765625 0.01875 0.01171875
0 0.2890625 0.595703125 0.009375 0.015625
