0 0.48203125 0.7119140625 0.0203125 0.029296875
0 0.5546875 0.7099609375 0.01875 0.025390625
0 0.6171875 0.7099609375 0.01875 0.025390625
0 0.6 0.65234375 0.015625 0.0234375
0 0.5578125 0.6591796875 0.021875 0.037109375
0 0.4875 0.654296875 0.028125 0.0546875
0 0.5203125 0.62109375 0.015625 0.0234375
0 0.584375 0.619140625 0.01875 0.02734375
0 0.55703125 0.591796875 0.0171875 0.0234375
0 0.4796875 0.5810546875 0.053125 0.029296875
0 0.440625 0.6064453125 0.021875 0.041015625
0 0.1 0.97265625 0.01875 0.02734375
