0 0.47578125 0.5537109375 0.0140625 0.017578125
0 0.5203125 0.552734375 0.0125 0.01953125
0 0.56171875 0.552734375 0.0140625 0.015625
0 0.5515625 0.5205078125 0.0125 0.013671875
0 0.52421875 0.5224609375 0.0140625 0.021484375
0 0.478125 0.5185546875 0.01875 0.037109375
0 0.49921875 0.5009765625 0.0109375 0.013671875
0 0.5421875 0.5 0.0125 0.015625
0 0.52421875 0.484375 0.0140625 0.015625
0 0.47265625 0.478515625 0.0328125 0.015625
0 0.44765625 0.494140625 0.0140625 0.02734375
0 0.15390625 0.681640625 0.0203125 0.0078125
0 0.1546875 0.6875 0.021875 0.0078125
0 0.1546875 0.697265625 0.021875 0.0078125
0 0.153125 0.7060546875 0.021875 0.009765625
0 0.153125 0.7490234375 0.025 0.017578125
0 0.25078125 0.6826171875 0.0109375 0.013671875
0 0.14921875 0.919921875 0.0265625 0.015625
