0 0.4765625 0.58984375 0.015625 0.01953125
0 0.528125 0.5888671875 0.015625 0.021484375
0 0.5734375 0.5888671875 0.015625 0.017578125
0 0.56171875 0.552734375 0.0140625 0.015625
0 0.53125 0.5556640625 0.015625 0.025390625
0 0.4796875 0.552734375 0.021875 0.0390625
0 0.503125 0.5302734375 0.0125 0.017578125
0 0.5515625 0.5283203125 0.0125 0.017578125
0 0.53203125 0.5107421875 0.0140625 0.017578125
0 0.47265625 0.5029296875 0.0390625 0.021484375
0 0.44375 0.5205078125 0.015625 0.029296875
0 0.10546875 0.7421875 0.0265625 0.01171875
0 0.10859375 0.7529296875 0.0234375 0.009765625
0 0.1078125 0.7626953125 0.025 0.009765625
0 0.10546875 0.7724609375 0.0234375 0.009765625
0 0.103125 0.826171875 0.03125 0.0234375
0 0.2203125 0.7431640625 0.0125 0.017578125
