0 0.4765625 0.6162109375 0.015625 0.021484375
0 0.5328125 0.6142578125 0.015625 0.021484375
0 0.58203125 0.6142578125 0.0171875 0.021484375
0 0.56953125 0.57421875 0.0140625 0.01953125
0 0.5359375 0.5771484375 0.01875 0.029296875
0 0.48046875 0.5732421875 0.0203125 0.037109375
0 0.5078125 0.5498046875 0.0125 0.017578125
0 0.5578125 0.548828125 0.015625 0.01953125
0 0.53671875 0.529296875 0.0140625 0.015625
0 0.47421875 0.5205078125 0.0390625 0.021484375
0 0.44453125 0.5400390625 0.0171875 0.033203125
0 0.07265625 0.7890625 0.0234375 0.01171875
0 0.07265625 0.798828125 0.0265625 0.0078125
0 0.07265625 0.8095703125 0.0265625 0.009765625
0 0.06953125 0.822265625 0.0265625 0.01171875
0 0.06640625 0.8857421875 0.0265625 0.017578125
0 0.19765625 0.78515625 0.0140625 0.0234375
