0 0.4765625 0.5517578125 0.00625 0.009765625
0 0.46171875 0.5791015625 0.0078125 0.009765625
0 0.48671875 0.5771484375 0.0078125 0.009765625
0 0.5109375 0.5771484375 0.009375 0.009765625
0 0.50625 0.5625 0.00625 0.0078125
0 0.49140625 0.5615234375 0.0078125 0.013671875
0 0.46328125 0.5595703125 0.0109375 0.021484375
0 0.5015625 0.5517578125 0.009375 0.009765625
0 0.49140625 0.5419921875 0.0078125 0.009765625
0 0.46015625 0.5390625 0.0203125 0.01171875
0 0.4453125 0.5458984375 0.009375 0.017578125
0 0.2890625 0.6455078125 0.009375 0.001953125
0 0.28828125 0.6416015625 0.0109375 0.001953125
0 0.33984375 0.6376953125 0.0078125 0.009765625
0 0.3 0.734375 0.0125 0.0078125
0 0.2921875 0.666015625 0.0125 0.0078125
