0 0.47578125 0.56640625 0.0140625 0.01953125
0 0.5234375 0.5654296875 0.0125 0.017578125
0 0.565625 0.564453125 0.015625 0.015625
0 0.55546875 0.5322265625 0.0109375 0.013671875
0 0.52734375 0.53515625 0.0140625 0.0234375
0 0.47890625 0.5302734375 0.0203125 0.037109375
0 0.50078125 0.51171875 0.0109375 0.015625
0 0.5453125 0.5107421875 0.0125 0.017578125
0 0.52734375 0.494140625 0.0140625 0.015625
0 0.47265625 0.4873046875 0.0359375 0.017578125
0 0.44609375 0.50390625 0.0140625 0.02734375
0 0.1359375 0.703125 0.021875 0.0078125
0 0.1375 0.7109375 0.021875 0.0078125
0 0.1375 0.720703125 0.021875 0.0078125
0 0.1359375 0.7294921875 0.021875 0.009765625
0 0.13515625 0.77734375 0.0265625 0.01953125
0 0.23984375 0.703125 0.0109375 0.015625
0 0.13125 0.962890625 0.03125 0.015625
