0 0.47578125 0.5517578125 0.0140625 0.017578125
0 0.5203125 0.5517578125 0.0125 0.017578125
0 0.56015625 0.55078125 0.0140625 0.015625
0 0.55078125 0.5205078125 0.0109375 0.013671875
0 0.52421875 0.5224609375 0.0140625 0.021484375
0 0.478125 0.517578125 0.01875 0.0390625
0 0.49921875 0.5009765625 0.0109375 0.013671875
0 0.5421875 0.5 0.0125 0.015625
0 0.52421875 0.484375 0.0140625 0.015625
0 0.47265625 0.478515625 0.0328125 0.015625
0 0.44765625 0.494140625 0.0140625 0.02734375
0 0.1546875 0.6796875 0.01875 0.0078125
0 0.15546875 0.685546875 0.0203125 0.0078125
0 0.15546875 0.6953125 0.0203125 0.0078125
0 0.15390625 0.7041015625 0.0203125 0.009765625
0 0.1546875 0.7470703125 0.025 0.017578125
0 0.25234375 0.6806640625 0.0109375 0.013671875
0 0.15078125 0.916015625 0.0265625 0.015625
