0 0.48125 0.578125 0.021875 0.03515625
0 0.5625 0.57421875 0.025 0.03125
0 0.6359375 0.576171875 0.021875 0.02734375
0 0.61484375 0.5048828125 0.0203125 0.033203125
0 0.56796875 0.513671875 0.0296875 0.046875
0 0.4859375 0.5068359375 0.034375 0.060546875
0 0.525 0.4677734375 0.01875 0.025390625
0 0.5953125 0.46484375 0.021875 0.02734375
0 0.5671875 0.431640625 0.021875 0.02734375
0 0.475 0.4208984375 0.059375 0.033203125
0 0.43046875 0.451171875 0.0265625 0.046875
0 0.0296875 0.90234375 0.021875 0.03515625
