0 0.478125 0.63671875 0.015625 0.0234375
0 0.5375 0.634765625 0.015625 0.0234375
0 0.58828125 0.634765625 0.0171875 0.01953125
0 0.575 0.5908203125 0.015625 0.021484375
0 0.540625 0.5947265625 0.021875 0.029296875
0 0.48125 0.58984375 0.021875 0.04296875
0 0.5109375 0.5654296875 0.0125 0.017578125
0 0.56328125 0.5634765625 0.0171875 0.021484375
0 0.540625 0.5439453125 0.015625 0.017578125
0 0.475 0.5341796875 0.040625 0.025390625
0 0.44375 0.5546875 0.01875 0.03515625
0 0.04375 0.82421875 0.028125 0.01171875
0 0.0453125 0.8359375 0.028125 0.01171875
0 0.04453125 0.84765625 0.0296875 0.01171875
0 0.04140625 0.861328125 0.0296875 0.01171875
0 0.0359375 0.931640625 0.028125 0.01953125
0 0.178125 0.8193359375 0.015625 0.025390625
