0 0.4625 0.6025390625 0.009375 0.009765625
0 0.49296875 0.6005859375 0.0078125 0.009765625
0 0.51796875 0.6025390625 0.0078125 0.009765625
0 0.5125 0.5849609375 0.00625 0.009765625
0 0.4953125 0.5859375 0.009375 0.015625
0 0.46484375 0.5830078125 0.0140625 0.021484375
0 0.4796875 0.5751953125 0.009375 0.009765625
0 0.50703125 0.5732421875 0.0078125 0.009765625
0 0.496875 0.5634765625 0.009375 0.009765625
0 0.4609375 0.5595703125 0.021875 0.013671875
0 0.44375 0.5673828125 0.009375 0.017578125
0 0.26796875 0.6689453125 0.0140625 0.005859375
0 0.26875 0.6748046875 0.0125 0.005859375
0 0.26875 0.6796875 0.0125 0.00390625
0 0.27109375 0.705078125 0.0171875 0.01171875
0 0.325 0.6728515625 0.009375 0.009765625
0 0.28125 0.783203125 0.0125 0.0078125
