0 0.471875 0.4951171875 0.0125 0.013671875
0 0.509375 0.4931640625 0.0125 0.013671875
0 0.54140625 0.4931640625 0.0140625 0.013671875
0 0.534375 0.46875 0.009375 0.01171875
0 0.5109375 0.47265625 0.0125 0.01953125
0 0.4734375 0.4677734375 0.015625 0.029296875
0 0.49140625 0.455078125 0.0109375 0.01171875
0 0.52734375 0.4541015625 0.0109375 0.013671875
0 0.51328125 0.4404296875 0.0109375 0.013671875
0 0.46796875 0.4345703125 0.0296875 0.017578125
0 0.44609375 0.4482421875 0.0109375 0.025390625
0 0.21328125 0.587890625 0.0171875 0.0078125
0 0.21484375 0.5947265625 0.0171875 0.005859375
0 0.21484375 0.6015625 0.0140625 0.00390625
0 0.2140625 0.6083984375 0.015625 0.005859375
0 0.21640625 0.640625 0.0171875 0.01171875
0 0.221875 0.7568359375 0.01875 0.009765625
0 0.29140625 0.58984375 0.0109375 0.015625
