0 0.48203125 0.7080078125 0.0203125 0.029296875
0 0.553125 0.7060546875 0.01875 0.025390625
0 0.615625 0.7060546875 0.01875 0.025390625
0 0.59921875 0.6484375 0.0171875 0.0234375
0 0.55703125 0.654296875 0.0234375 0.03515625
0 0.4875 0.650390625 0.028125 0.0546875
0 0.5203125 0.6162109375 0.015625 0.021484375
0 0.5828125 0.6142578125 0.01875 0.025390625
0 0.55703125 0.587890625 0.0171875 0.0234375
0 0.47890625 0.5771484375 0.0515625 0.029296875
0 0.440625 0.6044921875 0.021875 0.041015625
0 0.1046875 0.9658203125 0.01875 0.025390625
