0 0.49609375 0.623046875 0.0109375 0.01171875
0 0.4640625 0.6240234375 0.009375 0.013671875
0 0.52578125 0.623046875 0.0078125 0.01171875
0 0.51953125 0.603515625 0.0078125 0.01171875
0 0.5 0.60546875 0.009375 0.015625
0 0.46640625 0.6015625 0.0109375 0.0234375
0 0.4828125 0.591796875 0.009375 0.01171875
0 0.5125 0.5908203125 0.00625 0.009765625
0 0.5015625 0.580078125 0.009375 0.01171875
0 0.4625 0.57421875 0.025 0.015625
0 0.44375 0.583984375 0.0125 0.01953125
0 0.24765625 0.6982421875 0.0140625 0.005859375
0 0.24765625 0.705078125 0.0140625 0.00390625
0 0.2484375 0.70703125 0.015625 0.00390625
0 0.25 0.7138671875 0.0125 0.005859375
0 0.2515625 0.73828125 0.01875 0.01171875
0 0.31328125 0.701171875 0.0078125 0.01171875
0 0.259375 0.83203125 0.01875 0.01171875
