0 0.4671875 0.5751953125 0.009375 0.013671875
0 0.50390625 0.5732421875 0.0109375 0.013671875
0 0.53515625 0.57421875 0.0109375 0.01171875
0 0.528125 0.55078125 0.009375 0.01171875
0 0.5078125 0.5537109375 0.0125 0.017578125
0 0.4703125 0.55078125 0.015625 0.02734375
0 0.4875 0.537109375 0.0125 0.01171875
0 0.52109375 0.5361328125 0.0109375 0.013671875
0 0.50859375 0.5234375 0.0109375 0.01171875
0 0.4671875 0.5185546875 0.028125 0.017578125
0 0.44609375 0.53125 0.0109375 0.0234375
0 0.228125 0.6650390625 0.015625 0.005859375
0 0.22734375 0.669921875 0.0140625 0.00390625
0 0.22734375 0.67578125 0.0140625 0.00390625
0 0.2265625 0.6806640625 0.015625 0.005859375
0 0.22890625 0.708984375 0.0171875 0.01171875
0 0.23828125 0.8134765625 0.0171875 0.009765625
0 0.29921875 0.6640625 0.0109375 0.015625
