0 0.478125 0.5341796875 0.021875 0.037109375
0 0.56484375 0.5302734375 0.0265625 0.033203125
0 0.64140625 0.53125 0.0234375 0.03125
0 0.61875 0.455078125 0.021875 0.03515625
0 0.56953125 0.46484375 0.0296875 0.046875
0 0.48359375 0.45703125 0.0359375 0.06640625
0 0.525 0.4140625 0.01875 0.02734375
0 0.59921875 0.4111328125 0.0234375 0.029296875
0 0.56796875 0.376953125 0.0234375 0.02734375
0 0.475 0.36328125 0.0625 0.03515625
0 0.4296875 0.3955078125 0.025 0.048828125
0 0.009375 0.875 0.015625 0.0390625
