0 0.47578125 0.609375 0.0140625 0.01953125
0 0.53125 0.607421875 0.015625 0.01953125
0 0.5796875 0.607421875 0.015625 0.01953125
0 0.5671875 0.568359375 0.015625 0.01953125
0 0.534375 0.5712890625 0.01875 0.029296875
0 0.4796875 0.5673828125 0.021875 0.037109375
0 0.5078125 0.544921875 0.0125 0.015625
0 0.55625 0.5439453125 0.015625 0.017578125
0 0.53515625 0.525390625 0.0140625 0.015625
0 0.4734375 0.5166015625 0.0375 0.021484375
0 0.44453125 0.53515625 0.0171875 0.03125
0 0.08125 0.7763671875 0.021875 0.009765625
0 0.0828125 0.7861328125 0.025 0.009765625
0 0.08203125 0.796875 0.0265625 0.0078125
0 0.07890625 0.80859375 0.0265625 0.01171875
0 0.07578125 0.8701171875 0.0265625 0.017578125
0 0.203125 0.775390625 0.0125 0.0234375
