0 0.48203125 0.7080078125 0.0203125 0.029296875
0 0.553125 0.7060546875 0.01875 0.025390625
0 0.6140625 0.7060546875 0.01875 0.025390625
0 0.5984375 0.6494140625 0.015625 0.025390625
0 0.55625 0.654296875 0.021875 0.03515625
0 0.4875 0.650390625 0.028125 0.0546875
0 0.51875 0.6171875 0.015625 0.0234375
0 0.5828125 0.615234375 0.01875 0.02734375
0 0.55625 0.587890625 0.015625 0.0234375
0 0.47890625 0.578125 0.0515625 0.02734375
0 0.440625 0.6015625 0.021875 0.0390625
0 0.10625 0.9619140625 0.01875 0.025390625
