0 0.4625 0.5966796875 0.009375 0.009765625
0 0.49140625 0.5947265625 0.0078125 0.009765625
0 0.51640625 0.5966796875 0.0078125 0.009765625
0 0.5109375 0.5791015625 0.00625 0.009765625
0 0.49375 0.580078125 0.009375 0.015625
0 0.46484375 0.5771484375 0.0140625 0.021484375
0 0.478125 0.5693359375 0.009375 0.009765625
0 0.50546875 0.5673828125 0.0078125 0.009765625
0 0.4953125 0.5576171875 0.009375 0.009765625
0 0.4609375 0.5546875 0.021875 0.01171875
0 0.44375 0.5615234375 0.009375 0.017578125
0 0.27265625 0.6611328125 0.0140625 0.005859375
0 0.2734375 0.6669921875 0.0125 0.005859375
0 0.2734375 0.671875 0.0125 0.00390625
0 0.27578125 0.697265625 0.0171875 0.01171875
0 0.3296875 0.6650390625 0.009375 0.009765625
0 0.2859375 0.771484375 0.0125 0.0078125
