0 0.47265625 0.5166015625 0.0140625 0.017578125
0 0.5125 0.5166015625 0.0125 0.017578125
0 0.54921875 0.515625 0.0109375 0.015625
0 0.5421875 0.4892578125 0.009375 0.013671875
0 0.5171875 0.4912109375 0.015625 0.021484375
0 0.475 0.4873046875 0.015625 0.029296875
0 0.49609375 0.4736328125 0.0109375 0.013671875
0 0.53359375 0.4716796875 0.0109375 0.013671875
0 0.51796875 0.4580078125 0.0109375 0.013671875
0 0.46953125 0.4521484375 0.0296875 0.017578125
0 0.44765625 0.4658203125 0.0140625 0.025390625
0 0.190625 0.623046875 0.021875 0.0078125
0 0.19296875 0.6298828125 0.0203125 0.005859375
0 0.19375 0.6376953125 0.01875 0.005859375
0 0.190625 0.64453125 0.01875 0.0078125
0 0.19296875 0.6806640625 0.0203125 0.013671875
0 0.27734375 0.625 0.0109375 0.015625
0 0.1984375 0.8193359375 0.025 0.013671875
