0 0.47421875 0.5302734375 0.0140625 0.017578125
0 0.515625 0.5283203125 0.0125 0.017578125
0 0.553125 0.529296875 0.0125 0.015625
0 0.5453125 0.5009765625 0.009375 0.013671875
0 0.5203125 0.50390625 0.015625 0.0234375
0 0.4765625 0.5 0.015625 0.03125
0 0.49765625 0.4833984375 0.0109375 0.013671875
0 0.53671875 0.482421875 0.0109375 0.015625
0 0.52109375 0.4677734375 0.0109375 0.013671875
0 0.47109375 0.4599609375 0.0296875 0.017578125
0 0.446875 0.4755859375 0.015625 0.025390625
0 0.17890625 0.6435546875 0.0203125 0.005859375
0 0.18046875 0.6513671875 0.0203125 0.005859375
0 0.18046875 0.658203125 0.0203125 0.0078125
0 0.17890625 0.666015625 0.0203125 0.0078125
0 0.18046875 0.7041015625 0.0203125 0.013671875
0 0.26796875 0.646484375 0.0109375 0.015625
0 0.18125 0.8544921875 0.025 0.013671875
