0 0.4671875 0.5849609375 0.009375 0.013671875
0 0.50234375 0.5830078125 0.0109375 0.013671875
0 0.534375 0.5830078125 0.0125 0.013671875
0 0.528125 0.560546875 0.009375 0.01171875
0 0.50625 0.5634765625 0.0125 0.017578125
0 0.4703125 0.560546875 0.015625 0.02734375
0 0.48671875 0.546875 0.0109375 0.01171875
0 0.52109375 0.5458984375 0.0109375 0.013671875
0 0.50703125 0.5341796875 0.0109375 0.013671875
0 0.465625 0.5302734375 0.028125 0.017578125
0 0.44453125 0.5419921875 0.0109375 0.021484375
0 0.22734375 0.6728515625 0.0171875 0.005859375
0 0.2265625 0.6796875 0.015625 0.00390625
0 0.2265625 0.685546875 0.015625 0.00390625
0 0.2265625 0.6904296875 0.015625 0.005859375
0 0.228125 0.71875 0.01875 0.01171875
0 0.23828125 0.8251953125 0.0171875 0.009765625
0 0.3 0.6748046875 0.009375 0.013671875
