0 0.47578125 0.572265625 0.0140625 0.01953125
0 0.52421875 0.5703125 0.0140625 0.01953125
0 0.5671875 0.5703125 0.015625 0.015625
0 0.55625 0.5361328125 0.0125 0.013671875
0 0.528125 0.5390625 0.015625 0.0234375
0 0.47890625 0.53515625 0.0203125 0.0390625
0 0.5015625 0.515625 0.0125 0.015625
0 0.546875 0.5146484375 0.0125 0.017578125
0 0.52890625 0.498046875 0.0140625 0.015625
0 0.47265625 0.490234375 0.0359375 0.01953125
0 0.4453125 0.5078125 0.015625 0.02734375
0 0.1296875 0.7119140625 0.021875 0.009765625
0 0.13125 0.7197265625 0.021875 0.009765625
0 0.13125 0.7294921875 0.021875 0.009765625
0 0.1296875 0.7392578125 0.021875 0.009765625
0 0.128125 0.7880859375 0.028125 0.021484375
0 0.23515625 0.712890625 0.0109375 0.015625
0 0.12421875 0.978515625 0.0328125 0.015625
