0 0.47578125 0.5576171875 0.0140625 0.017578125
0 0.521875 0.5576171875 0.0125 0.017578125
0 0.56328125 0.556640625 0.0140625 0.015625
0 0.553125 0.525390625 0.0125 0.015625
0 0.52578125 0.52734375 0.0140625 0.0234375
0 0.478125 0.5234375 0.01875 0.0390625
0 0.5 0.5048828125 0.0125 0.013671875
0 0.54375 0.50390625 0.0125 0.015625
0 0.52578125 0.48828125 0.0140625 0.015625
0 0.47265625 0.4814453125 0.0328125 0.017578125
0 0.446875 0.498046875 0.015625 0.02734375
0 0.14765625 0.689453125 0.0203125 0.0078125
0 0.1484375 0.6962890625 0.021875 0.009765625
0 0.1484375 0.7060546875 0.021875 0.009765625
0 0.14609375 0.7158203125 0.0203125 0.009765625
0 0.14609375 0.759765625 0.0265625 0.01953125
0 0.246875 0.6904296875 0.0125 0.013671875
0 0.1421875 0.935546875 0.028125 0.015625
