0 0.475 0.5439453125 0.015625 0.017578125
0 0.51875 0.5419921875 0.0125 0.017578125
0 0.55859375 0.5419921875 0.0140625 0.017578125
0 0.54921875 0.51171875 0.0109375 0.015625
0 0.52265625 0.515625 0.0171875 0.0234375
0 0.47734375 0.5107421875 0.0171875 0.033203125
0 0.49921875 0.4951171875 0.0109375 0.013671875
0 0.53984375 0.4931640625 0.0109375 0.013671875
0 0.5234375 0.478515625 0.0125 0.015625
0 0.471875 0.4716796875 0.03125 0.017578125
0 0.446875 0.486328125 0.015625 0.02734375
0 0.16640625 0.6630859375 0.0203125 0.005859375
0 0.16640625 0.6708984375 0.0203125 0.005859375
0 0.16640625 0.6796875 0.0203125 0.0078125
0 0.16484375 0.6884765625 0.0234375 0.009765625
0 0.165625 0.7294921875 0.021875 0.013671875
0 0.26015625 0.666015625 0.0109375 0.015625
0 0.1640625 0.8916015625 0.028125 0.013671875
