0 0.47109375 0.5 0.0109375 0.015625
0 0.509375 0.498046875 0.0125 0.015625
0 0.54296875 0.4990234375 0.0140625 0.013671875
0 0.5359375 0.47265625 0.009375 0.01171875
0 0.5125 0.4765625 0.0125 0.01953125
0 0.4734375 0.4716796875 0.015625 0.029296875
0 0.4921875 0.458984375 0.0125 0.01171875
0 0.52890625 0.4580078125 0.0109375 0.013671875
0 0.51484375 0.4443359375 0.0109375 0.013671875
0 0.46875 0.4384765625 0.028125 0.017578125
0 0.44765625 0.4521484375 0.0109375 0.025390625
0 0.20703125 0.5947265625 0.0171875 0.005859375
0 0.20859375 0.6025390625 0.0171875 0.005859375
0 0.209375 0.609375 0.015625 0.00390625
0 0.209375 0.6142578125 0.015625 0.005859375
0 0.2109375 0.6484375 0.01875 0.01171875
0 0.215625 0.7705078125 0.01875 0.009765625
0 0.28671875 0.59765625 0.0109375 0.015625
