0 0.47890625 0.65625 0.0171875 0.0234375
0 0.5421875 0.654296875 0.015625 0.0234375
0 0.59609375 0.654296875 0.0171875 0.01953125
0 0.58203125 0.607421875 0.0171875 0.01953125
0 0.5453125 0.6123046875 0.021875 0.033203125
0 0.4828125 0.607421875 0.025 0.046875
0 0.51328125 0.5810546875 0.0140625 0.021484375
0 0.56875 0.5791015625 0.01875 0.025390625
0 0.5453125 0.556640625 0.015625 0.01953125
0 0.47578125 0.5478515625 0.0421875 0.025390625
0 0.4421875 0.568359375 0.01875 0.0390625
0 0.15546875 0.865234375 0.0171875 0.02734375
0 0.0171875 0.861328125 0.028125 0.01171875
0 0.0171875 0.873046875 0.028125 0.01171875
0 0.0171875 0.8857421875 0.028125 0.013671875
0 0.01484375 0.90234375 0.0265625 0.015625
