0 0.47734375 0.5576171875 0.0078125 0.009765625
0 0.46171875 0.5849609375 0.0078125 0.009765625
0 0.48828125 0.5830078125 0.0078125 0.009765625
0 0.5125 0.583984375 0.009375 0.01171875
0 0.5078125 0.568359375 0.00625 0.0078125
0 0.4921875 0.5673828125 0.009375 0.013671875
0 0.46328125 0.5654296875 0.0109375 0.021484375
0 0.503125 0.5576171875 0.009375 0.009765625
0 0.49296875 0.5478515625 0.0078125 0.009765625
0 0.46015625 0.544921875 0.0203125 0.01171875
0 0.4453125 0.5517578125 0.009375 0.017578125
0 0.28359375 0.6552734375 0.0109375 0.001953125
0 0.28359375 0.650390625 0.0109375 0.00390625
0 0.3359375 0.6474609375 0.00625 0.009765625
0 0.2953125 0.7470703125 0.0125 0.005859375
0 0.2875 0.67578125 0.0125 0.0078125
