0 0.46796875 0.5546875 0.0109375 0.015625
0 0.50390625 0.552734375 0.0109375 0.015625
0 0.534375 0.5537109375 0.0125 0.013671875
0 0.528125 0.529296875 0.009375 0.01171875
0 0.5078125 0.5322265625 0.0125 0.017578125
0 0.4703125 0.529296875 0.015625 0.02734375
0 0.48828125 0.515625 0.0109375 0.01171875
0 0.52109375 0.5146484375 0.0109375 0.013671875
0 0.509375 0.501953125 0.0125 0.01171875
0 0.46875 0.4970703125 0.028125 0.017578125
0 0.44609375 0.5107421875 0.0109375 0.021484375
0 0.22578125 0.6396484375 0.0171875 0.005859375
0 0.228125 0.6474609375 0.015625 0.005859375
0 0.22734375 0.654296875 0.0140625 0.00390625
0 0.228125 0.6591796875 0.015625 0.005859375
0 0.22890625 0.6875 0.0171875 0.01171875
0 0.23671875 0.7958984375 0.0171875 0.009765625
0 0.29921875 0.642578125 0.0109375 0.015625
