0 0.46328125 0.6181640625 0.0109375 0.013671875
0 0.49453125 0.6181640625 0.0078125 0.009765625
0 0.5234375 0.6181640625 0.009375 0.009765625
0 0.51640625 0.5986328125 0.0078125 0.009765625
0 0.4984375 0.599609375 0.009375 0.015625
0 0.46640625 0.5966796875 0.0140625 0.021484375
0 0.48125 0.587890625 0.009375 0.01171875
0 0.5109375 0.5859375 0.009375 0.01171875
0 0.49921875 0.576171875 0.0109375 0.01171875
0 0.46171875 0.5712890625 0.0234375 0.013671875
0 0.44296875 0.580078125 0.0109375 0.01953125
0 0.2546875 0.6884765625 0.0125 0.005859375
0 0.25546875 0.6953125 0.0140625 0.00390625
0 0.25546875 0.69921875 0.0140625 0.00390625
0 0.2578125 0.728515625 0.015625 0.01171875
0 0.315625 0.6923828125 0.009375 0.009765625
0 0.2671875 0.8173828125 0.015625 0.009765625
