0 0.47734375 0.5546875 0.0078125 0.0078125
0 0.46171875 0.5830078125 0.0078125 0.009765625
0 0.48828125 0.5810546875 0.0078125 0.009765625
0 0.51171875 0.5810546875 0.0078125 0.009765625
0 0.5078125 0.564453125 0.00625 0.0078125
0 0.4921875 0.5654296875 0.009375 0.013671875
0 0.46328125 0.5634765625 0.0109375 0.021484375
0 0.50234375 0.5546875 0.0078125 0.0078125
0 0.49296875 0.544921875 0.0078125 0.01171875
0 0.46015625 0.54296875 0.0203125 0.01171875
0 0.4453125 0.548828125 0.009375 0.015625
0 0.28671875 0.6513671875 0.0109375 0.001953125
0 0.2859375 0.646484375 0.0125 0.00390625
0 0.3375 0.6435546875 0.00625 0.009765625
0 0.29765625 0.7412109375 0.0140625 0.005859375
0 0.2890625 0.671875 0.0125 0.0078125
