0 0.48046875 0.7060546875 0.0203125 0.029296875
0 0.5515625 0.7041015625 0.01875 0.025390625
0 0.6125 0.7041015625 0.01875 0.025390625
0 0.59609375 0.6484375 0.0171875 0.0234375
0 0.5546875 0.6533203125 0.021875 0.037109375
0 0.4859375 0.6484375 0.028125 0.0546875
0 0.5171875 0.615234375 0.015625 0.0234375
0 0.58125 0.6142578125 0.01875 0.025390625
0 0.55390625 0.5859375 0.0171875 0.0234375
0 0.4765625 0.576171875 0.05 0.02734375
0 0.4390625 0.599609375 0.021875 0.0390625
0 0.1078125 0.9580078125 0.01875 0.025390625
