0 0.475 0.5478515625 0.015625 0.017578125
0 0.5203125 0.5458984375 0.0125 0.017578125
0 0.559375 0.5458984375 0.0125 0.017578125
0 0.55078125 0.515625 0.0109375 0.015625
0 0.52421875 0.51953125 0.0171875 0.0234375
0 0.47734375 0.5146484375 0.0171875 0.033203125
0 0.5 0.4970703125 0.009375 0.013671875
0 0.54140625 0.49609375 0.0109375 0.015625
0 0.525 0.48046875 0.0125 0.015625
0 0.471875 0.4736328125 0.03125 0.017578125
0 0.446875 0.48828125 0.015625 0.02734375
0 0.16328125 0.6689453125 0.0203125 0.005859375
0 0.16328125 0.6767578125 0.0203125 0.005859375
0 0.16328125 0.685546875 0.0203125 0.0078125
0 0.16171875 0.6943359375 0.0234375 0.009765625
0 0.1625 0.7373046875 0.021875 0.013671875
0 0.25703125 0.671875 0.0109375 0.015625
0 0.159375 0.8994140625 0.028125 0.013671875
