0 0.46796875 0.6396484375 0.0109375 0.013671875
0 0.5015625 0.638671875 0.009375 0.01171875
0 0.5328125 0.638671875 0.009375 0.01171875
0 0.52578125 0.6162109375 0.0078125 0.009765625
0 0.50703125 0.6171875 0.0109375 0.015625
0 0.4703125 0.6142578125 0.015625 0.025390625
0 0.4859375 0.603515625 0.009375 0.01171875
0 0.51875 0.6015625 0.009375 0.01171875
0 0.50625 0.58984375 0.009375 0.01171875
0 0.465625 0.5830078125 0.025 0.017578125
0 0.44609375 0.5947265625 0.0109375 0.021484375
0 0.23046875 0.7216796875 0.0171875 0.005859375
0 0.23203125 0.728515625 0.0140625 0.00390625
0 0.2328125 0.734375 0.015625 0.00390625
0 0.2328125 0.740234375 0.015625 0.0078125
0 0.2359375 0.767578125 0.01875 0.01171875
0 0.30390625 0.7255859375 0.0078125 0.009765625
0 0.24296875 0.8720703125 0.0171875 0.009765625
