0 0.471875 0.5146484375 0.0125 0.017578125
0 0.5125 0.5126953125 0.0125 0.017578125
0 0.5484375 0.513671875 0.0125 0.015625
0 0.540625 0.4873046875 0.009375 0.013671875
0 0.51640625 0.4892578125 0.0140625 0.021484375
0 0.475 0.4853515625 0.015625 0.029296875
0 0.4953125 0.4716796875 0.009375 0.013671875
0 0.53203125 0.4697265625 0.0109375 0.013671875
0 0.51796875 0.4560546875 0.0109375 0.013671875
0 0.46953125 0.4501953125 0.0296875 0.017578125
0 0.44765625 0.4638671875 0.0140625 0.025390625
0 0.19375 0.619140625 0.021875 0.0078125
0 0.19609375 0.6259765625 0.0203125 0.005859375
0 0.19609375 0.6337890625 0.0203125 0.005859375
0 0.19375 0.640625 0.01875 0.0078125
0 0.19609375 0.6767578125 0.0203125 0.013671875
0 0.27890625 0.62109375 0.0109375 0.015625
0 0.2015625 0.8115234375 0.025 0.013671875
