0 0.46171875 0.5693359375 0.0078125 0.009765625
0 0.4875 0.5673828125 0.00625 0.009765625
0 0.51015625 0.568359375 0.0078125 0.0078125
0 0.50625 0.552734375 0.00625 0.0078125
0 0.490625 0.5537109375 0.009375 0.013671875
0 0.4640625 0.55078125 0.009375 0.015625
0 0.4765625 0.54296875 0.00625 0.0078125
0 0.50078125 0.5419921875 0.0078125 0.009765625
0 0.4921875 0.5341796875 0.00625 0.009765625
0 0.4609375 0.5322265625 0.01875 0.009765625
0 0.446875 0.5361328125 0.009375 0.013671875
0 0.309375 0.7158203125 0.0125 0.009765625
0 0.29609375 0.62109375 0.0109375 0.00390625
0 0.296875 0.626953125 0.0125 0.00390625
0 0.296875 0.630859375 0.0125 0.00390625
0 0.29765625 0.6357421875 0.0140625 0.005859375
0 0.34453125 0.626953125 0.0078125 0.0078125
0 0.3 0.654296875 0.0125 0.0078125
