0 0.46640625 0.6376953125 0.0109375 0.013671875
0 0.50078125 0.63671875 0.0109375 0.01171875
0 0.53125 0.63671875 0.009375 0.01171875
0 0.525 0.6142578125 0.009375 0.009765625
0 0.50546875 0.6162109375 0.0109375 0.017578125
0 0.46875 0.61328125 0.015625 0.02734375
0 0.48515625 0.6015625 0.0109375 0.01171875
0 0.51796875 0.599609375 0.0109375 0.01171875
0 0.50546875 0.587890625 0.0109375 0.01171875
0 0.4640625 0.5830078125 0.025 0.017578125
0 0.44296875 0.59375 0.0140625 0.0234375
0 0.22890625 0.7236328125 0.0171875 0.005859375
0 0.23046875 0.73046875 0.0140625 0.00390625
0 0.23125 0.736328125 0.015625 0.00390625
0 0.23359375 0.7412109375 0.0140625 0.005859375
0 0.2359375 0.767578125 0.01875 0.01171875
0 0.30390625 0.7236328125 0.0078125 0.009765625
0 0.24296875 0.8720703125 0.0171875 0.009765625
