0 0.478125 0.5224609375 0.021875 0.037109375
0 0.5609375 0.5205078125 0.025 0.033203125
0 0.63671875 0.5224609375 0.0234375 0.029296875
0 0.61484375 0.4482421875 0.0203125 0.033203125
0 0.56640625 0.45703125 0.0296875 0.046875
0 0.48359375 0.4521484375 0.0359375 0.064453125
0 0.5234375 0.41015625 0.01875 0.02734375
0 0.59453125 0.4052734375 0.0234375 0.029296875
0 0.56484375 0.37109375 0.0234375 0.02734375
0 0.47421875 0.359375 0.0609375 0.03515625
0 0.42890625 0.3935546875 0.0265625 0.048828125
0 0.015625 0.861328125 0.021875 0.0390625
