0 0.4953125 0.619140625 0.009375 0.01171875
0 0.46328125 0.6220703125 0.0109375 0.013671875
0 0.5234375 0.6201171875 0.009375 0.009765625
0 0.5171875 0.599609375 0.009375 0.01171875
0 0.4984375 0.6015625 0.009375 0.015625
0 0.465625 0.5986328125 0.0125 0.025390625
0 0.48125 0.587890625 0.009375 0.01171875
0 0.5109375 0.587890625 0.00625 0.01171875
0 0.5 0.576171875 0.009375 0.01171875
0 0.46171875 0.5712890625 0.0234375 0.013671875
0 0.44296875 0.580078125 0.0109375 0.01953125
0 0.25234375 0.6943359375 0.0140625 0.005859375
0 0.25234375 0.701171875 0.0140625 0.00390625
0 0.25234375 0.703125 0.0140625 0.00390625
0 0.253125 0.7099609375 0.0125 0.005859375
0 0.25546875 0.7333984375 0.0171875 0.009765625
0 0.31484375 0.697265625 0.0078125 0.01171875
0 0.2640625 0.822265625 0.01875 0.01171875
