0 0.4796875 0.6611328125 0.01875 0.025390625
0 0.5421875 0.6591796875 0.015625 0.025390625
0 0.5984375 0.6591796875 0.01875 0.021484375
0 0.58359375 0.6123046875 0.0171875 0.021484375
0 0.546875 0.6162109375 0.021875 0.033203125
0 0.4828125 0.611328125 0.025 0.046875
0 0.51484375 0.5849609375 0.0140625 0.021484375
0 0.5703125 0.5830078125 0.01875 0.025390625
0 0.5453125 0.560546875 0.015625 0.01953125
0 0.47578125 0.55078125 0.0453125 0.02734375
0 0.44140625 0.572265625 0.0203125 0.0390625
0 0.15078125 0.875 0.0171875 0.02734375
