0 0.4953125 0.6181640625 0.009375 0.009765625
0 0.46328125 0.6201171875 0.0109375 0.013671875
0 0.52265625 0.6181640625 0.0078125 0.009765625
0 0.51640625 0.5986328125 0.0078125 0.009765625
0 0.4984375 0.599609375 0.009375 0.015625
0 0.465625 0.59765625 0.0125 0.0234375
0 0.48125 0.5869140625 0.009375 0.009765625
0 0.5109375 0.5869140625 0.00625 0.009765625
0 0.5 0.576171875 0.009375 0.01171875
0 0.46171875 0.5712890625 0.0234375 0.013671875
0 0.44296875 0.580078125 0.0109375 0.01953125
0 0.25390625 0.6923828125 0.0140625 0.005859375
0 0.25390625 0.69921875 0.0140625 0.00390625
0 0.25390625 0.701171875 0.0140625 0.00390625
0 0.2546875 0.7080078125 0.0125 0.005859375
0 0.25703125 0.7314453125 0.0171875 0.009765625
0 0.31640625 0.6953125 0.0078125 0.01171875
0 0.265625 0.8203125 0.01875 0.01171875
