0 0.4671875 0.6240234375 0.009375 0.013671875
0 0.50234375 0.6220703125 0.0109375 0.013671875
0 0.5328125 0.6220703125 0.0125 0.013671875
0 0.5265625 0.599609375 0.009375 0.01171875
0 0.50625 0.6025390625 0.0125 0.017578125
0 0.46953125 0.6005859375 0.0140625 0.025390625
0 0.48671875 0.5859375 0.0109375 0.01171875
0 0.51953125 0.5849609375 0.0109375 0.013671875
0 0.50703125 0.5732421875 0.0109375 0.013671875
0 0.465625 0.5693359375 0.028125 0.017578125
0 0.44453125 0.5810546875 0.0109375 0.021484375
0 0.23125 0.7119140625 0.01875 0.001953125
0 0.23203125 0.720703125 0.0171875 0.00390625
0 0.23203125 0.716796875 0.0203125 0.00390625
0 0.23125 0.7275390625 0.015625 0.005859375
0 0.23359375 0.755859375 0.0171875 0.01171875
0 0.23984375 0.8623046875 0.0171875 0.009765625
0 0.30234375 0.7109375 0.0109375 0.015625
