0 0.47265625 0.5224609375 0.0140625 0.017578125
0 0.5140625 0.5205078125 0.0125 0.017578125
0 0.55078125 0.521484375 0.0109375 0.015625
0 0.54296875 0.494140625 0.0109375 0.015625
0 0.51796875 0.4970703125 0.0140625 0.021484375
0 0.47578125 0.4921875 0.0171875 0.03125
0 0.49609375 0.4775390625 0.0109375 0.013671875
0 0.53359375 0.4755859375 0.0109375 0.013671875
0 0.51953125 0.4619140625 0.0109375 0.013671875
0 0.4703125 0.4560546875 0.03125 0.017578125
0 0.44765625 0.4697265625 0.0140625 0.025390625
0 0.1859375 0.630859375 0.021875 0.0078125
0 0.18828125 0.6376953125 0.0203125 0.005859375
0 0.18828125 0.6455078125 0.0203125 0.005859375
0 0.1859375 0.65234375 0.01875 0.0078125
0 0.18828125 0.6904296875 0.0203125 0.013671875
0 0.27421875 0.6328125 0.0109375 0.015625
0 0.1921875 0.8330078125 0.025 0.013671875
