0 0.475 0.5419921875 0.015625 0.017578125
0 0.51875 0.5419921875 0.0125 0.017578125
0 0.5578125 0.541015625 0.0125 0.015625
0 0.54921875 0.51171875 0.0109375 0.015625
0 0.52265625 0.515625 0.0171875 0.0234375
0 0.47734375 0.5107421875 0.0171875 0.033203125
0 0.49921875 0.4931640625 0.0109375 0.013671875
0 0.53984375 0.4921875 0.0109375 0.015625
0 0.5234375 0.4775390625 0.0125 0.013671875
0 0.471875 0.4697265625 0.03125 0.017578125
0 0.446875 0.4853515625 0.015625 0.025390625
0 0.16640625 0.6630859375 0.0203125 0.005859375
0 0.16640625 0.6708984375 0.0203125 0.005859375
0 0.1671875 0.677734375 0.01875 0.0078125
0 0.165625 0.6865234375 0.021875 0.009765625
0 0.16640625 0.7275390625 0.0203125 0.013671875
0 0.26015625 0.666015625 0.0109375 0.015625
0 0.16484375 0.8896484375 0.0265625 0.013671875
