0 0.4765625 0.5908203125 0.015625 0.021484375
0 0.528125 0.58984375 0.015625 0.01953125
0 0.5734375 0.5888671875 0.015625 0.017578125
0 0.5625 0.552734375 0.0125 0.015625
0 0.53125 0.556640625 0.015625 0.02734375
0 0.4796875 0.552734375 0.021875 0.0390625
0 0.503125 0.53125 0.0125 0.015625
0 0.5515625 0.529296875 0.0125 0.015625
0 0.53203125 0.5126953125 0.0140625 0.017578125
0 0.47265625 0.50390625 0.0390625 0.0234375
0 0.44375 0.5224609375 0.015625 0.029296875
0 0.10390625 0.744140625 0.0265625 0.01171875
0 0.10703125 0.7548828125 0.0234375 0.009765625
0 0.10625 0.7646484375 0.025 0.009765625
0 0.10390625 0.7744140625 0.0234375 0.009765625
0 0.1015625 0.828125 0.03125 0.0234375
0 0.21875 0.744140625 0.0125 0.01953125
