0 0.47578125 0.5634765625 0.0140625 0.017578125
0 0.52265625 0.5625 0.0140625 0.01953125
0 0.56484375 0.5625 0.0140625 0.015625
0 0.5546875 0.5302734375 0.0125 0.013671875
0 0.5265625 0.5322265625 0.015625 0.021484375
0 0.47890625 0.52734375 0.0203125 0.0390625
0 0.50078125 0.509765625 0.0109375 0.015625
0 0.5453125 0.5078125 0.0125 0.015625
0 0.52734375 0.4921875 0.0140625 0.015625
0 0.47265625 0.4853515625 0.0359375 0.017578125
0 0.44609375 0.501953125 0.0140625 0.02734375
0 0.140625 0.6982421875 0.021875 0.009765625
0 0.1421875 0.705078125 0.021875 0.0078125
0 0.1421875 0.71484375 0.021875 0.0078125
0 0.13984375 0.7236328125 0.0203125 0.009765625
0 0.13984375 0.771484375 0.0265625 0.01953125
0 0.24296875 0.69921875 0.0109375 0.015625
0 0.13515625 0.953125 0.0296875 0.015625
