0 0.47109375 0.48828125 0.0109375 0.015625
0 0.50703125 0.484375 0.0109375 0.01171875
0 0.5390625 0.4853515625 0.009375 0.013671875
0 0.5328125 0.4619140625 0.009375 0.013671875
0 0.5109375 0.46484375 0.0125 0.01953125
0 0.4734375 0.4619140625 0.015625 0.029296875
0 0.49140625 0.447265625 0.0109375 0.01171875
0 0.525 0.4453125 0.009375 0.01171875
0 0.51328125 0.4345703125 0.0109375 0.013671875
0 0.46875 0.4287109375 0.028125 0.017578125
0 0.44765625 0.44140625 0.0109375 0.0234375
0 0.21796875 0.5771484375 0.0171875 0.005859375
0 0.2203125 0.5849609375 0.015625 0.005859375
0 0.2203125 0.591796875 0.015625 0.00390625
0 0.2203125 0.5966796875 0.015625 0.005859375
0 0.221875 0.626953125 0.01875 0.01171875
0 0.22890625 0.740234375 0.0171875 0.01171875
0 0.2953125 0.580078125 0.009375 0.015625
