0 0.4765625 0.5849609375 0.015625 0.021484375
0 0.5265625 0.583984375 0.015625 0.01953125
0 0.571875 0.5830078125 0.015625 0.017578125
0 0.5609375 0.5478515625 0.0125 0.013671875
0 0.5296875 0.5517578125 0.015625 0.025390625
0 0.4796875 0.546875 0.021875 0.0390625
0 0.503125 0.5263671875 0.0125 0.017578125
0 0.55 0.5244140625 0.0125 0.017578125
0 0.53046875 0.5068359375 0.0140625 0.017578125
0 0.47265625 0.4990234375 0.0359375 0.021484375
0 0.44453125 0.5166015625 0.0171875 0.029296875
0 0.1125 0.734375 0.025 0.01171875
0 0.11484375 0.7431640625 0.0234375 0.009765625
0 0.1140625 0.7529296875 0.025 0.009765625
0 0.11171875 0.7646484375 0.0234375 0.009765625
0 0.11015625 0.8154296875 0.0296875 0.021484375
0 0.22421875 0.734375 0.0109375 0.01953125
