0 0.46328125 0.607421875 0.0109375 0.01171875
0 0.49296875 0.6064453125 0.0078125 0.009765625
0 0.5203125 0.6083984375 0.009375 0.009765625
0 0.5140625 0.5888671875 0.00625 0.009765625
0 0.496875 0.58984375 0.009375 0.015625
0 0.46640625 0.5869140625 0.0140625 0.021484375
0 0.4796875 0.5791015625 0.009375 0.009765625
0 0.50859375 0.5771484375 0.0078125 0.009765625
0 0.49765625 0.5673828125 0.0109375 0.009765625
0 0.46171875 0.5634765625 0.0234375 0.013671875
0 0.44296875 0.5712890625 0.0109375 0.017578125
0 0.26328125 0.6748046875 0.0140625 0.005859375
0 0.2640625 0.681640625 0.0125 0.00390625
0 0.2640625 0.685546875 0.0125 0.00390625
0 0.26640625 0.712890625 0.0171875 0.01171875
0 0.321875 0.6787109375 0.009375 0.009765625
0 0.27578125 0.794921875 0.0140625 0.0078125
