0 0.4625 0.6025390625 0.009375 0.009765625
0 0.49296875 0.6005859375 0.0078125 0.009765625
0 0.51796875 0.6025390625 0.0078125 0.009765625
0 0.5125 0.5849609375 0.00625 0.009765625
0 0.4953125 0.5859375 0.009375 0.015625
0 0.46484375 0.5830078125 0.0140625 0.021484375
0 0.4796875 0.57421875 0.009375 0.01171875
0 0.50703125 0.572265625 0.0078125 0.01171875
0 0.496875 0.5625 0.009375 0.01171875
0 0.4609375 0.55859375 0.021875 0.01171875
0 0.44375 0.56640625 0.009375 0.01953125
0 0.26875 0.6669921875 0.0125 0.005859375
0 0.26953125 0.673828125 0.0140625 0.00390625
0 0.26953125 0.677734375 0.0140625 0.00390625
0 0.271875 0.705078125 0.015625 0.01171875
0 0.3265625 0.6708984375 0.009375 0.009765625
0 0.28203125 0.783203125 0.0140625 0.0078125
