0 0.4671875 0.6376953125 0.0125 0.013671875
0 0.50078125 0.63671875 0.0109375 0.01171875
0 0.53203125 0.63671875 0.0109375 0.01171875
0 0.525 0.6142578125 0.009375 0.009765625
0 0.50546875 0.6162109375 0.0109375 0.017578125
0 0.46953125 0.61328125 0.0140625 0.0234375
0 0.4859375 0.6015625 0.009375 0.01171875
0 0.51796875 0.599609375 0.0109375 0.01171875
0 0.50546875 0.58984375 0.0109375 0.01171875
0 0.465625 0.583984375 0.025 0.015625
0 0.44453125 0.5947265625 0.0140625 0.021484375
0 0.23046875 0.7216796875 0.0171875 0.005859375
0 0.23203125 0.728515625 0.0140625 0.00390625
0 0.2328125 0.734375 0.015625 0.00390625
0 0.23515625 0.7392578125 0.0140625 0.005859375
0 0.2375 0.765625 0.01875 0.01171875
0 0.30390625 0.7236328125 0.0078125 0.009765625
0 0.24453125 0.8681640625 0.0171875 0.009765625
