0 0.4796875 0.6689453125 0.01875 0.025390625
0 0.54453125 0.66796875 0.0171875 0.0234375
0 0.6 0.66796875 0.01875 0.0234375
0 0.5859375 0.6181640625 0.015625 0.021484375
0 0.5484375 0.6220703125 0.021875 0.037109375
0 0.484375 0.619140625 0.025 0.05078125
0 0.5140625 0.5888671875 0.015625 0.021484375
0 0.571875 0.587890625 0.015625 0.0234375
0 0.5484375 0.5634765625 0.015625 0.021484375
0 0.4765625 0.5546875 0.046875 0.0234375
0 0.4421875 0.576171875 0.01875 0.03515625
0 0.14375 0.88671875 0.0125 0.0234375
