0 0.47578125 0.564453125 0.0140625 0.01953125
0 0.52265625 0.5634765625 0.0140625 0.017578125
0 0.56484375 0.5625 0.0140625 0.015625
0 0.5546875 0.5302734375 0.0125 0.013671875
0 0.5265625 0.533203125 0.015625 0.0234375
0 0.47890625 0.5283203125 0.0203125 0.037109375
0 0.50078125 0.509765625 0.0109375 0.015625
0 0.5453125 0.5087890625 0.0125 0.017578125
0 0.52734375 0.4921875 0.0140625 0.015625
0 0.47265625 0.4853515625 0.0359375 0.017578125
0 0.44609375 0.501953125 0.0140625 0.02734375
0 0.1390625 0.7001953125 0.021875 0.009765625
0 0.140625 0.70703125 0.021875 0.0078125
0 0.140625 0.716796875 0.021875 0.0078125
0 0.1390625 0.7255859375 0.021875 0.009765625
0 0.13828125 0.7734375 0.0265625 0.01953125
0 0.24140625 0.701171875 0.0109375 0.015625
0 0.13359375 0.955078125 0.0296875 0.015625
