0 0.471875 0.5068359375 0.0125 0.017578125
0 0.5109375 0.5068359375 0.0125 0.017578125
0 0.54609375 0.5068359375 0.0109375 0.013671875
0 0.5390625 0.4814453125 0.009375 0.013671875
0 0.51484375 0.4833984375 0.0140625 0.021484375
0 0.475 0.4794921875 0.015625 0.029296875
0 0.49453125 0.4658203125 0.0109375 0.013671875
0 0.53046875 0.4638671875 0.0109375 0.013671875
0 0.51640625 0.451171875 0.0109375 0.01171875
0 0.46953125 0.4443359375 0.0296875 0.017578125
0 0.44765625 0.458984375 0.0140625 0.0234375
0 0.1984375 0.611328125 0.021875 0.0078125
0 0.20078125 0.6181640625 0.0203125 0.005859375
0 0.2015625 0.6240234375 0.01875 0.005859375
0 0.19921875 0.630859375 0.0171875 0.0078125
0 0.2015625 0.6650390625 0.01875 0.013671875
0 0.28359375 0.61328125 0.0109375 0.015625
0 0.20859375 0.7958984375 0.0234375 0.013671875
