0 0.4765625 0.611328125 0.015625 0.01953125
0 0.53125 0.609375 0.015625 0.01953125
0 0.5796875 0.609375 0.015625 0.01953125
0 0.56796875 0.5703125 0.0140625 0.01953125
0 0.534375 0.5732421875 0.01875 0.029296875
0 0.4796875 0.5693359375 0.021875 0.037109375
0 0.5078125 0.5458984375 0.0125 0.017578125
0 0.55625 0.544921875 0.015625 0.01953125
0 0.53515625 0.525390625 0.0140625 0.015625
0 0.4734375 0.517578125 0.0375 0.0234375
0 0.44453125 0.5361328125 0.0171875 0.033203125
0 0.0796875 0.779296875 0.021875 0.01171875
0 0.08046875 0.7890625 0.0265625 0.0078125
0 0.08046875 0.7998046875 0.0265625 0.009765625
0 0.07734375 0.8125 0.0265625 0.01171875
0 0.0734375 0.873046875 0.025 0.015625
0 0.2015625 0.7763671875 0.0125 0.021484375
