0 0.49765625 0.626953125 0.0109375 0.01171875
0 0.46484375 0.62890625 0.0109375 0.01171875
0 0.528125 0.6279296875 0.009375 0.009765625
0 0.521875 0.607421875 0.009375 0.01171875
0 0.5015625 0.609375 0.009375 0.015625
0 0.46796875 0.6064453125 0.0109375 0.025390625
0 0.48359375 0.595703125 0.0109375 0.01171875
0 0.51484375 0.59375 0.0078125 0.01171875
0 0.50390625 0.5830078125 0.0109375 0.013671875
0 0.46328125 0.578125 0.0234375 0.015625
0 0.44453125 0.587890625 0.0109375 0.01953125
0 0.240625 0.7041015625 0.015625 0.005859375
0 0.24140625 0.7109375 0.0140625 0.00390625
0 0.2421875 0.71484375 0.015625 0.00390625
0 0.24375 0.720703125 0.0125 0.0078125
0 0.2453125 0.74609375 0.01875 0.01171875
0 0.30859375 0.70703125 0.0078125 0.01171875
0 0.25390625 0.8427734375 0.0171875 0.009765625
