0 0.4796875 0.6591796875 0.01875 0.025390625
0 0.5421875 0.6572265625 0.015625 0.025390625
0 0.596875 0.6572265625 0.01875 0.021484375
0 0.5828125 0.6103515625 0.015625 0.021484375
0 0.5453125 0.6142578125 0.021875 0.033203125
0 0.4828125 0.609375 0.025 0.046875
0 0.51328125 0.5830078125 0.0140625 0.021484375
0 0.56953125 0.5810546875 0.0171875 0.025390625
0 0.5453125 0.55859375 0.015625 0.01953125
0 0.47578125 0.5498046875 0.0421875 0.025390625
0 0.4421875 0.5703125 0.01875 0.0390625
0 0.153125 0.8701171875 0.01875 0.025390625
