0 0.47421875 0.5361328125 0.0140625 0.017578125
0 0.5171875 0.5361328125 0.0125 0.017578125
0 0.55625 0.53515625 0.0125 0.015625
0 0.54765625 0.505859375 0.0109375 0.015625
0 0.52109375 0.509765625 0.0171875 0.0234375
0 0.4765625 0.5048828125 0.015625 0.033203125
0 0.4984375 0.4892578125 0.009375 0.013671875
0 0.53828125 0.4873046875 0.0109375 0.013671875
0 0.521875 0.47265625 0.0125 0.015625
0 0.47109375 0.4658203125 0.0296875 0.017578125
0 0.446875 0.48046875 0.015625 0.02734375
0 0.17265625 0.6533203125 0.0203125 0.005859375
0 0.17265625 0.6611328125 0.0203125 0.005859375
0 0.1734375 0.6689453125 0.01875 0.005859375
0 0.171875 0.6767578125 0.021875 0.009765625
0 0.17265625 0.7177734375 0.0203125 0.013671875
0 0.26484375 0.65625 0.0109375 0.015625
0 0.17265625 0.8720703125 0.0265625 0.013671875
