0 0.48046875 0.7216796875 0.0203125 0.029296875
0 0.5546875 0.7197265625 0.01875 0.025390625
0 0.6171875 0.7197265625 0.01875 0.025390625
0 0.60078125 0.6611328125 0.0171875 0.025390625
0 0.5578125 0.6669921875 0.021875 0.037109375
0 0.4859375 0.662109375 0.028125 0.0546875
0 0.51875 0.626953125 0.015625 0.0234375
0 0.584375 0.625 0.01875 0.02734375
0 0.55703125 0.59765625 0.0171875 0.0234375
0 0.4765625 0.5859375 0.053125 0.03125
0 0.4375 0.611328125 0.021875 0.04296875
0 0.09140625 0.986328125 0.0203125 0.02734375
