0 0.4765625 0.578125 0.015625 0.01953125
0 0.52578125 0.576171875 0.0140625 0.01953125
0 0.56953125 0.576171875 0.0140625 0.015625
0 0.55859375 0.5419921875 0.0140625 0.013671875
0 0.52890625 0.544921875 0.0140625 0.0234375
0 0.47890625 0.541015625 0.0203125 0.0390625
0 0.50234375 0.5205078125 0.0109375 0.017578125
0 0.5484375 0.5185546875 0.0125 0.017578125
0 0.52890625 0.501953125 0.0140625 0.015625
0 0.47265625 0.494140625 0.0359375 0.01953125
0 0.4453125 0.51171875 0.015625 0.02734375
0 0.121875 0.7216796875 0.025 0.009765625
0 0.12421875 0.73046875 0.0234375 0.0078125
0 0.1234375 0.740234375 0.025 0.0078125
0 0.12109375 0.7509765625 0.0234375 0.009765625
0 0.1203125 0.80078125 0.028125 0.01953125
0 0.23046875 0.72265625 0.0109375 0.015625
