0 0.4734375 0.501953125 0.0125 0.015625
0 0.5109375 0.5 0.0125 0.015625
0 0.54609375 0.5009765625 0.0140625 0.013671875
0 0.5390625 0.474609375 0.009375 0.01171875
0 0.5140625 0.478515625 0.0125 0.01953125
0 0.4765625 0.4736328125 0.015625 0.029296875
0 0.49453125 0.4609375 0.0109375 0.01171875
0 0.53046875 0.4599609375 0.0109375 0.013671875
0 0.51640625 0.4462890625 0.0109375 0.013671875
0 0.47109375 0.4404296875 0.0296875 0.017578125
0 0.44921875 0.4541015625 0.0109375 0.025390625
0 0.20625 0.6015625 0.01875 0.0078125
0 0.2078125 0.6083984375 0.01875 0.005859375
0 0.2078125 0.615234375 0.015625 0.00390625
0 0.2078125 0.6220703125 0.015625 0.005859375
0 0.209375 0.65625 0.01875 0.01171875
0 0.2140625 0.7763671875 0.01875 0.009765625
0 0.28671875 0.603515625 0.0109375 0.015625
