0 0.48203125 0.689453125 0.0203125 0.02734375
0 0.55078125 0.6875 0.0171875 0.0234375
0 0.609375 0.6884765625 0.01875 0.025390625
0 0.59453125 0.6337890625 0.0171875 0.021484375
0 0.5546875 0.638671875 0.021875 0.03515625
0 0.48671875 0.6337890625 0.0265625 0.052734375
0 0.51875 0.6044921875 0.015625 0.021484375
0 0.5796875 0.6005859375 0.01875 0.025390625
0 0.55390625 0.57421875 0.0171875 0.0234375
0 0.478125 0.5673828125 0.05 0.025390625
0 0.44140625 0.58984375 0.0203125 0.0390625
0 0.11953125 0.935546875 0.0171875 0.02734375
