0 0.47890625 0.646484375 0.0171875 0.0234375
0 0.5390625 0.64453125 0.015625 0.0234375
0 0.59296875 0.6455078125 0.0171875 0.021484375
0 0.57890625 0.599609375 0.0171875 0.01953125
0 0.54296875 0.603515625 0.0203125 0.03125
0 0.48203125 0.5986328125 0.0234375 0.044921875
0 0.51171875 0.57421875 0.0140625 0.01953125
0 0.56640625 0.572265625 0.0171875 0.0234375
0 0.54296875 0.55078125 0.0140625 0.01953125
0 0.47578125 0.541015625 0.0421875 0.0234375
0 0.44296875 0.5615234375 0.0203125 0.037109375
0 0.0296875 0.84375 0.03125 0.01171875
0 0.03046875 0.85546875 0.0296875 0.01171875
0 0.0296875 0.869140625 0.03125 0.01171875
0 0.0265625 0.8828125 0.03125 0.01171875
0 0.0203125 0.9560546875 0.028125 0.021484375
0 0.16640625 0.8427734375 0.0171875 0.025390625
