0 0.4765625 0.6220703125 0.015625 0.021484375
0 0.534375 0.6201171875 0.015625 0.021484375
0 0.584375 0.62109375 0.015625 0.01953125
0 0.571875 0.580078125 0.015625 0.01953125
0 0.5375 0.5830078125 0.01875 0.029296875
0 0.48125 0.5791015625 0.021875 0.041015625
0 0.509375 0.5556640625 0.0125 0.017578125
0 0.559375 0.5546875 0.015625 0.01953125
0 0.53828125 0.5341796875 0.0140625 0.017578125
0 0.47421875 0.525390625 0.0390625 0.0234375
0 0.44375 0.544921875 0.01875 0.03515625
0 0.0625 0.80078125 0.025 0.01171875
0 0.0640625 0.8115234375 0.028125 0.009765625
0 0.0640625 0.8232421875 0.028125 0.009765625
0 0.0609375 0.8359375 0.028125 0.01171875
0 0.05546875 0.900390625 0.0265625 0.01953125
0 0.1921875 0.796875 0.0125 0.0234375
