0 0.47734375 0.556640625 0.0078125 0.0078125
0 0.46171875 0.5849609375 0.0078125 0.009765625
0 0.48828125 0.5830078125 0.0078125 0.009765625
0 0.5125 0.5830078125 0.009375 0.009765625
0 0.5078125 0.56640625 0.00625 0.0078125
0 0.4921875 0.5673828125 0.009375 0.013671875
0 0.46328125 0.5654296875 0.0109375 0.021484375
0 0.503125 0.556640625 0.009375 0.0078125
0 0.49296875 0.546875 0.0078125 0.01171875
0 0.46015625 0.544921875 0.0203125 0.01171875
0 0.4453125 0.55078125 0.009375 0.015625
0 0.28515625 0.654296875 0.0109375 0.00390625
0 0.284375 0.6494140625 0.0125 0.001953125
0 0.3359375 0.646484375 0.00625 0.0078125
0 0.29609375 0.74609375 0.0140625 0.0078125
0 0.2875 0.67578125 0.0125 0.0078125
