0 0.31875 0.611328125 0.009375 0.015625
0 0.3484375 0.6103515625 0.009375 0.013671875
0 0.375 0.6103515625 0.009375 0.009765625
0 0.3703125 0.59375 0.00625 0.01171875
0 0.353125 0.5927734375 0.009375 0.013671875
0 0.36640625 0.580078125 0.0078125 0.01171875
0 0.35625 0.5712890625 0.009375 0.013671875
0 0.3390625 0.58203125 0.009375 0.01171875
0 0.321875 0.591796875 0.0125 0.01953125
0 0.32265625 0.5693359375 0.0234375 0.013671875
0 0.3046875 0.57421875 0.009375 0.015625
0 0.17265625 0.6787109375 0.0078125 0.009765625
0 0.16328125 0.677734375 0.0109375 0.01171875
0 0.11328125 0.712890625 0.0171875 0.0078125
0 0.1140625 0.69140625 0.0125 0.0078125
0 0.11484375 0.681640625 0.0109375 0.0078125
0 0.1140625 0.79296875 0.01875 0.01171875
