0 0.31796875 0.630859375 0.0109375 0.01953125
0 0.3484375 0.634765625 0.009375 0.015625
0 0.375 0.634765625 0.009375 0.01171875
0 0.3703125 0.6162109375 0.009375 0.009765625
0 0.35390625 0.6162109375 0.0109375 0.013671875
0 0.36640625 0.6044921875 0.0078125 0.009765625
0 0.35703125 0.5947265625 0.0078125 0.009765625
0 0.3390625 0.60546875 0.00625 0.01171875
0 0.3234375 0.6181640625 0.0125 0.021484375
0 0.32109375 0.58984375 0.0203125 0.01171875
0 0.30625 0.59765625 0.0125 0.015625
0 0.17578125 0.701171875 0.0078125 0.01171875
0 0.16640625 0.701171875 0.0109375 0.01171875
0 0.11796875 0.7333984375 0.0171875 0.009765625
0 0.1171875 0.712890625 0.015625 0.01171875
0 0.11796875 0.7021484375 0.0140625 0.009765625
0 0.11796875 0.8125 0.0171875 0.01171875
