0 0.3203125 0.6298828125 0.009375 0.013671875
0 0.346875 0.626953125 0.009375 0.01171875
0 0.3734375 0.6279296875 0.009375 0.009765625
0 0.36875 0.6123046875 0.009375 0.009765625
0 0.353125 0.6103515625 0.009375 0.013671875
0 0.36484375 0.599609375 0.0078125 0.01171875
0 0.3578125 0.5888671875 0.009375 0.009765625
0 0.33828125 0.6005859375 0.0109375 0.009765625
0 0.3234375 0.6083984375 0.0125 0.021484375
0 0.32109375 0.5859375 0.0234375 0.01171875
0 0.30546875 0.5908203125 0.0109375 0.013671875
0 0.18125 0.6904296875 0.009375 0.009765625
0 0.16953125 0.6904296875 0.0078125 0.013671875
0 0.12421875 0.72265625 0.0171875 0.01171875
0 0.125 0.705078125 0.0125 0.01171875
0 0.125 0.693359375 0.0125 0.01171875
0 0.125 0.796875 0.0125 0.01171875
