0 0.3203125 0.6298828125 0.009375 0.013671875
0 0.34765625 0.630859375 0.0078125 0.01171875
0 0.3734375 0.630859375 0.009375 0.01171875
0 0.3703125 0.6142578125 0.009375 0.009765625
0 0.353125 0.61328125 0.009375 0.01171875
0 0.36484375 0.603515625 0.0078125 0.01171875
0 0.3578125 0.591796875 0.009375 0.01171875
0 0.340625 0.603515625 0.009375 0.01171875
0 0.3234375 0.6142578125 0.0125 0.021484375
0 0.32109375 0.587890625 0.0203125 0.01171875
0 0.30703125 0.5947265625 0.0109375 0.013671875
0 0.17734375 0.6962890625 0.0078125 0.009765625
0 0.16953125 0.697265625 0.0109375 0.01171875
0 0.12109375 0.7294921875 0.0171875 0.009765625
0 0.12109375 0.708984375 0.0140625 0.01171875
0 0.12109375 0.69921875 0.0140625 0.01171875
0 0.12109375 0.8046875 0.0171875 0.01171875
