0 0.31796875 0.6220703125 0.0078125 0.013671875
0 0.3453125 0.62109375 0.009375 0.01171875
0 0.3703125 0.6220703125 0.009375 0.009765625
0 0.36640625 0.6044921875 0.0078125 0.009765625
0 0.35 0.6044921875 0.009375 0.013671875
0 0.36171875 0.5947265625 0.0078125 0.009765625
0 0.35546875 0.5849609375 0.0109375 0.009765625
0 0.3375 0.5947265625 0.009375 0.009765625
0 0.32265625 0.6025390625 0.0109375 0.017578125
0 0.321875 0.5810546875 0.021875 0.013671875
0 0.30625 0.587890625 0.0125 0.015625
0 0.1875 0.6826171875 0.00625 0.009765625
0 0.1765625 0.6806640625 0.009375 0.013671875
0 0.1328125 0.7099609375 0.015625 0.009765625
0 0.1328125 0.6923828125 0.0125 0.009765625
0 0.13359375 0.68359375 0.0140625 0.0078125
0 0.134375 0.7822265625 0.015625 0.009765625
