0 0.31875 0.6259765625 0.009375 0.013671875
0 0.34609375 0.6240234375 0.0078125 0.013671875
0 0.371875 0.625 0.009375 0.01171875
0 0.36796875 0.607421875 0.0078125 0.0078125
0 0.3515625 0.6064453125 0.009375 0.013671875
0 0.36328125 0.59765625 0.0078125 0.01171875
0 0.3578125 0.5869140625 0.009375 0.009765625
0 0.33828125 0.5986328125 0.0109375 0.009765625
0 0.32265625 0.60546875 0.0109375 0.01953125
0 0.32109375 0.58203125 0.0234375 0.01171875
0 0.30625 0.58984375 0.0125 0.015625
0 0.18359375 0.6865234375 0.0078125 0.009765625
0 0.17421875 0.685546875 0.0078125 0.01171875
0 0.12890625 0.716796875 0.0140625 0.01171875
0 0.128125 0.697265625 0.0125 0.01171875
0 0.1296875 0.6884765625 0.0125 0.009765625
0 0.13125 0.7900390625 0.015625 0.009765625
