0 0.31875 0.6328125 0.009375 0.015625
0 0.3484375 0.634765625 0.009375 0.015625
0 0.375 0.6328125 0.009375 0.01171875
0 0.3703125 0.6162109375 0.009375 0.009765625
0 0.35390625 0.615234375 0.0109375 0.015625
0 0.36640625 0.603515625 0.0078125 0.01171875
0 0.35703125 0.5947265625 0.0078125 0.009765625
0 0.33984375 0.603515625 0.0078125 0.01171875
0 0.3234375 0.6171875 0.0125 0.0234375
0 0.32109375 0.58984375 0.0203125 0.01171875
0 0.30625 0.595703125 0.0125 0.015625
0 0.17578125 0.7001953125 0.0078125 0.009765625
0 0.16640625 0.69921875 0.0109375 0.01171875
0 0.11875 0.7333984375 0.015625 0.009765625
0 0.11796875 0.7119140625 0.0140625 0.009765625
0 0.11875 0.7021484375 0.015625 0.009765625
0 0.11796875 0.8095703125 0.0171875 0.009765625
