0 0.31796875 0.619140625 0.0078125 0.01171875
0 0.34453125 0.6171875 0.0078125 0.01171875
0 0.36875 0.6181640625 0.009375 0.009765625
0 0.36484375 0.6025390625 0.0078125 0.009765625
0 0.35078125 0.6015625 0.0109375 0.01171875
0 0.36015625 0.591796875 0.0078125 0.01171875
0 0.3546875 0.5830078125 0.009375 0.009765625
0 0.3375 0.591796875 0.009375 0.01171875
0 0.321875 0.6005859375 0.0125 0.017578125
0 0.32109375 0.5791015625 0.0203125 0.013671875
0 0.30625 0.5859375 0.009375 0.015625
0 0.1890625 0.6767578125 0.00625 0.009765625
0 0.17890625 0.67578125 0.0078125 0.01171875
0 0.1375 0.705078125 0.015625 0.0078125
0 0.13671875 0.6875 0.0109375 0.01171875
0 0.13671875 0.6796875 0.0140625 0.0078125
0 0.13828125 0.7744140625 0.0140625 0.009765625
