0 0.3171875 0.6162109375 0.009375 0.009765625
0 0.34375 0.6142578125 0.009375 0.009765625
0 0.36875 0.6162109375 0.009375 0.009765625
0 0.36484375 0.6005859375 0.0078125 0.009765625
0 0.35 0.599609375 0.009375 0.01171875
0 0.36015625 0.58984375 0.0078125 0.01171875
0 0.353125 0.580078125 0.009375 0.01171875
0 0.3359375 0.5888671875 0.009375 0.013671875
0 0.321875 0.599609375 0.0125 0.015625
0 0.3203125 0.576171875 0.021875 0.01171875
0 0.30625 0.583984375 0.0125 0.015625
0 0.190625 0.6728515625 0.00625 0.009765625
0 0.18125 0.6728515625 0.009375 0.009765625
0 0.13984375 0.701171875 0.0140625 0.01171875
0 0.1390625 0.6845703125 0.0125 0.009765625
0 0.1390625 0.67578125 0.0125 0.0078125
0 0.140625 0.7685546875 0.015625 0.009765625
