0 0.31796875 0.6328125 0.0109375 0.015625
0 0.3484375 0.6337890625 0.009375 0.013671875
0 0.37578125 0.63671875 0.0109375 0.01171875
0 0.371875 0.6171875 0.009375 0.01171875
0 0.35390625 0.6171875 0.0109375 0.015625
0 0.36640625 0.60546875 0.0078125 0.01171875
0 0.35859375 0.595703125 0.0078125 0.01171875
0 0.340625 0.6064453125 0.00625 0.013671875
0 0.32265625 0.6162109375 0.0109375 0.021484375
0 0.32109375 0.58984375 0.0234375 0.015625
0 0.30546875 0.5986328125 0.0140625 0.017578125
0 0.175 0.701171875 0.00625 0.01171875
0 0.1640625 0.69921875 0.009375 0.015625
0 0.1171875 0.7353515625 0.015625 0.009765625
0 0.11640625 0.7138671875 0.0140625 0.009765625
0 0.11640625 0.705078125 0.0140625 0.0078125
0 0.11484375 0.8134765625 0.0171875 0.009765625
