0 0.3203125 0.630859375 0.009375 0.01171875
0 0.34765625 0.626953125 0.0078125 0.01171875
0 0.3734375 0.62890625 0.009375 0.01171875
0 0.36875 0.6123046875 0.009375 0.009765625
0 0.353125 0.611328125 0.009375 0.01171875
0 0.36484375 0.6005859375 0.0078125 0.009765625
0 0.3578125 0.58984375 0.009375 0.01171875
0 0.3390625 0.6015625 0.009375 0.01171875
0 0.3234375 0.6103515625 0.0125 0.021484375
0 0.32109375 0.5859375 0.0234375 0.01171875
0 0.30546875 0.5908203125 0.0109375 0.013671875
0 0.1796875 0.6923828125 0.009375 0.009765625
0 0.16953125 0.69140625 0.0078125 0.01171875
0 0.1234375 0.7236328125 0.015625 0.009765625
0 0.12421875 0.70703125 0.0140625 0.01171875
0 0.125 0.6943359375 0.0125 0.009765625
0 0.12421875 0.7978515625 0.0171875 0.009765625
