0 0.31953125 0.6328125 0.0109375 0.015625
0 0.3484375 0.6318359375 0.009375 0.013671875
0 0.375 0.6328125 0.009375 0.01171875
0 0.3703125 0.615234375 0.009375 0.01171875
0 0.35390625 0.6142578125 0.0109375 0.013671875
0 0.36484375 0.603515625 0.0078125 0.01171875
0 0.3578125 0.59375 0.009375 0.01171875
0 0.340625 0.603515625 0.009375 0.01171875
0 0.3234375 0.6162109375 0.0125 0.021484375
0 0.32109375 0.587890625 0.0203125 0.01171875
0 0.30703125 0.5947265625 0.0109375 0.013671875
0 0.17734375 0.6982421875 0.0078125 0.009765625
0 0.16796875 0.697265625 0.0109375 0.01171875
0 0.1203125 0.7314453125 0.015625 0.009765625
0 0.11953125 0.7099609375 0.0140625 0.009765625
0 0.11953125 0.7001953125 0.0140625 0.009765625
0 0.11953125 0.8076171875 0.0171875 0.009765625
