0 0.31953125 0.62890625 0.0078125 0.01171875
0 0.346875 0.6259765625 0.009375 0.013671875
0 0.3734375 0.626953125 0.009375 0.01171875
0 0.36796875 0.609375 0.0078125 0.0078125
0 0.3515625 0.6083984375 0.009375 0.013671875
0 0.36328125 0.5986328125 0.0078125 0.009765625
0 0.3578125 0.587890625 0.009375 0.01171875
0 0.33828125 0.6005859375 0.0109375 0.009765625
0 0.3234375 0.607421875 0.0125 0.01953125
0 0.32109375 0.583984375 0.0234375 0.01171875
0 0.30546875 0.5908203125 0.0109375 0.013671875
0 0.18203125 0.6904296875 0.0078125 0.009765625
0 0.17109375 0.6884765625 0.0078125 0.013671875
0 0.1265625 0.7197265625 0.015625 0.013671875
0 0.1265625 0.701171875 0.0125 0.01171875
0 0.1265625 0.6923828125 0.0125 0.009765625
0 0.12890625 0.7919921875 0.0140625 0.009765625
