0 0.31953125 0.6279296875 0.0109375 0.013671875
0 0.34765625 0.6298828125 0.0078125 0.009765625
0 0.3734375 0.630859375 0.009375 0.01171875
0 0.36875 0.6142578125 0.009375 0.009765625
0 0.353125 0.61328125 0.009375 0.01171875
0 0.36484375 0.6015625 0.0078125 0.01171875
0 0.3578125 0.591796875 0.009375 0.01171875
0 0.33984375 0.6025390625 0.0109375 0.009765625
0 0.3234375 0.61328125 0.0125 0.0234375
0 0.32109375 0.587890625 0.0203125 0.01171875
0 0.30703125 0.5927734375 0.0109375 0.013671875
0 0.17734375 0.6962890625 0.0078125 0.009765625
0 0.17109375 0.6953125 0.0109375 0.01171875
0 0.12109375 0.7275390625 0.0171875 0.009765625
0 0.1203125 0.7060546875 0.0125 0.009765625
0 0.121875 0.697265625 0.0125 0.01171875
0 0.12265625 0.8037109375 0.0140625 0.009765625
