0 0.31796875 0.634765625 0.0109375 0.015625
0 0.34921875 0.634765625 0.0078125 0.015625
0 0.37578125 0.6357421875 0.0109375 0.009765625
0 0.3703125 0.6171875 0.00625 0.01171875
0 0.353125 0.6162109375 0.009375 0.013671875
0 0.365625 0.6044921875 0.009375 0.013671875
0 0.3578125 0.59375 0.009375 0.015625
0 0.3390625 0.60546875 0.00625 0.01171875
0 0.321875 0.615234375 0.0125 0.01953125
0 0.321875 0.5908203125 0.021875 0.013671875
0 0.30625 0.5966796875 0.0125 0.017578125
0 0.175 0.7021484375 0.00625 0.013671875
0 0.16484375 0.69921875 0.0078125 0.01171875
0 0.11484375 0.7333984375 0.0140625 0.009765625
0 0.11484375 0.7138671875 0.0140625 0.009765625
0 0.11640625 0.705078125 0.0109375 0.0078125
0 0.1140625 0.814453125 0.01875 0.01171875
