0 0.3171875 0.61328125 0.009375 0.01171875
0 0.34375 0.6123046875 0.00625 0.009765625
0 0.36796875 0.61328125 0.0078125 0.01171875
0 0.3640625 0.5986328125 0.00625 0.009765625
0 0.3484375 0.5986328125 0.009375 0.013671875
0 0.35859375 0.5888671875 0.0078125 0.009765625
0 0.35234375 0.578125 0.0078125 0.01171875
0 0.3359375 0.587890625 0.009375 0.01171875
0 0.321875 0.5986328125 0.0125 0.017578125
0 0.3203125 0.5771484375 0.01875 0.009765625
0 0.30625 0.58203125 0.009375 0.01953125
0 0.1921875 0.6689453125 0.009375 0.009765625
0 0.1828125 0.6689453125 0.009375 0.009765625
0 0.14140625 0.697265625 0.0140625 0.01171875
0 0.14140625 0.681640625 0.0140625 0.0078125
0 0.1421875 0.673828125 0.009375 0.0078125
0 0.14296875 0.7626953125 0.0140625 0.009765625
