0 0.31796875 0.619140625 0.0078125 0.01171875
0 0.34453125 0.619140625 0.0078125 0.01171875
0 0.3703125 0.6201171875 0.009375 0.009765625
0 0.36640625 0.6025390625 0.0078125 0.009765625
0 0.35078125 0.603515625 0.0109375 0.01171875
0 0.36015625 0.5927734375 0.0078125 0.009765625
0 0.3546875 0.5830078125 0.009375 0.009765625
0 0.3375 0.5927734375 0.009375 0.009765625
0 0.32265625 0.6025390625 0.0109375 0.017578125
0 0.32109375 0.5791015625 0.0203125 0.013671875
0 0.30625 0.5859375 0.009375 0.015625
0 0.1890625 0.677734375 0.00625 0.01171875
0 0.178125 0.677734375 0.009375 0.01171875
0 0.1359375 0.70703125 0.015625 0.0078125
0 0.1359375 0.6884765625 0.0125 0.009765625
0 0.13515625 0.6806640625 0.0140625 0.009765625
0 0.1375 0.7763671875 0.015625 0.009765625
