0 0.3171875 0.6337890625 0.0125 0.017578125
0 0.34765625 0.634765625 0.0078125 0.015625
0 0.375 0.634765625 0.009375 0.01171875
0 0.37109375 0.6162109375 0.0078125 0.009765625
0 0.35390625 0.6171875 0.0109375 0.015625
0 0.36640625 0.60546875 0.0078125 0.01171875
0 0.3578125 0.595703125 0.009375 0.01171875
0 0.34140625 0.607421875 0.0078125 0.01171875
0 0.3234375 0.6142578125 0.0125 0.021484375
0 0.321875 0.58984375 0.025 0.015625
0 0.30546875 0.59765625 0.0140625 0.015625
0 0.17578125 0.701171875 0.0078125 0.01171875
0 0.16484375 0.701171875 0.0109375 0.01171875
0 0.1171875 0.7353515625 0.015625 0.009765625
0 0.1171875 0.7138671875 0.015625 0.009765625
0 0.11640625 0.703125 0.0140625 0.0078125
0 0.1171875 0.8134765625 0.01875 0.009765625
