0 0.31875 0.6279296875 0.009375 0.017578125
0 0.34765625 0.6279296875 0.0078125 0.013671875
0 0.37421875 0.6279296875 0.0078125 0.013671875
0 0.37109375 0.6103515625 0.0078125 0.009765625
0 0.353125 0.611328125 0.009375 0.015625
0 0.36640625 0.5986328125 0.0078125 0.009765625
0 0.35859375 0.587890625 0.0109375 0.015625
0 0.33984375 0.599609375 0.0078125 0.01171875
0 0.321875 0.6083984375 0.0125 0.021484375
0 0.321875 0.583984375 0.025 0.01171875
0 0.30625 0.5908203125 0.0125 0.013671875
0 0.1734375 0.6953125 0.00625 0.01171875
0 0.1625 0.6962890625 0.009375 0.013671875
0 0.1140625 0.728515625 0.015625 0.0078125
0 0.115625 0.7080078125 0.0125 0.009765625
0 0.11640625 0.7021484375 0.0140625 0.005859375
0 0.11328125 0.8056640625 0.0171875 0.009765625
