0 0.3171875 0.61328125 0.009375 0.01171875
0 0.34375 0.6123046875 0.009375 0.009765625
0 0.3671875 0.6142578125 0.009375 0.009765625
0 0.36328125 0.5986328125 0.0078125 0.009765625
0 0.3484375 0.59765625 0.009375 0.01171875
0 0.36015625 0.587890625 0.0078125 0.01171875
0 0.35234375 0.578125 0.0078125 0.01171875
0 0.3359375 0.58984375 0.009375 0.01171875
0 0.321875 0.59765625 0.0125 0.015625
0 0.3203125 0.57421875 0.021875 0.01171875
0 0.30625 0.583984375 0.0125 0.015625
0 0.1921875 0.671875 0.00625 0.01171875
0 0.1828125 0.6708984375 0.009375 0.009765625
0 0.14140625 0.69921875 0.0140625 0.01171875
0 0.14140625 0.681640625 0.0109375 0.01171875
0 0.140625 0.6728515625 0.0125 0.009765625
0 0.14140625 0.7646484375 0.0140625 0.009765625
