0 0.31796875 0.6328125 0.0109375 0.015625
0 0.34765625 0.634765625 0.0078125 0.01171875
0 0.37265625 0.6357421875 0.0109375 0.013671875
0 0.371875 0.6181640625 0.009375 0.009765625
0 0.35390625 0.6171875 0.0109375 0.015625
0 0.36640625 0.60546875 0.0078125 0.0078125
0 0.35859375 0.595703125 0.0078125 0.01171875
0 0.33984375 0.6044921875 0.0078125 0.013671875
0 0.32265625 0.61328125 0.0109375 0.01953125
0 0.32109375 0.591796875 0.0234375 0.01171875
0 0.30546875 0.5986328125 0.0140625 0.017578125
0 0.175 0.7021484375 0.00625 0.013671875
0 0.16328125 0.7021484375 0.0109375 0.013671875
0 0.11484375 0.7333984375 0.0171875 0.013671875
0 0.115625 0.71484375 0.0125 0.0078125
0 0.1171875 0.7060546875 0.0125 0.009765625
0 0.11484375 0.8125 0.0171875 0.01171875
