0 0.31796875 0.6240234375 0.0078125 0.013671875
0 0.3453125 0.62109375 0.009375 0.01171875
0 0.371875 0.6220703125 0.009375 0.009765625
0 0.36640625 0.60546875 0.0078125 0.0078125
0 0.35 0.6044921875 0.009375 0.013671875
0 0.36171875 0.5947265625 0.0078125 0.009765625
0 0.35625 0.5849609375 0.009375 0.009765625
0 0.3375 0.5966796875 0.009375 0.009765625
0 0.32265625 0.603515625 0.0109375 0.01953125
0 0.321875 0.5810546875 0.021875 0.013671875
0 0.30625 0.587890625 0.0125 0.015625
0 0.1859375 0.6826171875 0.00625 0.009765625
0 0.17578125 0.681640625 0.0078125 0.01171875
0 0.13203125 0.7109375 0.0140625 0.0078125
0 0.13203125 0.6923828125 0.0109375 0.009765625
0 0.13203125 0.685546875 0.0140625 0.0078125
0 0.1328125 0.78125 0.0125 0.0078125
