0 0.31796875 0.62109375 0.0109375 0.015625
0 0.3484375 0.6201171875 0.009375 0.013671875
0 0.375 0.62109375 0.009375 0.01171875
0 0.37109375 0.6025390625 0.0078125 0.009765625
0 0.3515625 0.6025390625 0.009375 0.013671875
0 0.36640625 0.58984375 0.0078125 0.01171875
0 0.35703125 0.5810546875 0.0078125 0.013671875
0 0.33984375 0.591796875 0.0078125 0.01171875
0 0.32265625 0.6025390625 0.0109375 0.021484375
0 0.32109375 0.5771484375 0.0234375 0.013671875
0 0.3046875 0.5849609375 0.0125 0.017578125
0 0.17421875 0.6884765625 0.0109375 0.013671875
0 0.1625 0.6875 0.009375 0.01171875
0 0.1140625 0.7216796875 0.015625 0.009765625
0 0.11484375 0.701171875 0.0171875 0.0078125
0 0.115625 0.6923828125 0.0125 0.009765625
0 0.11484375 0.7998046875 0.0171875 0.009765625
