0 0.43125 0.7529296875 0.01875 0.029296875
0 0.4890625 0.7490234375 0.021875 0.025390625
0 0.5375 0.74609375 0.021875 0.01953125
0 0.5171875 0.7041015625 0.01875 0.021484375
0 0.48515625 0.708984375 0.0234375 0.02734375
0 0.428125 0.708984375 0.025 0.04296875
0 0.44921875 0.68359375 0.0171875 0.0234375
0 0.5 0.6806640625 0.021875 0.025390625
0 0.4765625 0.658203125 0.01875 0.0234375
0 0.4078125 0.65234375 0.046875 0.02734375
0 0.384375 0.67578125 0.025 0.0390625
0 0.171875 0.9453125 0.01875 0.0234375
0 0.04375 0.978515625 0.03125 0.015625
0 0.04140625 0.9658203125 0.0328125 0.017578125
0 0.03828125 0.953125 0.0296875 0.015625
