0 0.4234375 0.6923828125 0.01875 0.021484375
0 0.46953125 0.6884765625 0.0171875 0.021484375
0 0.5109375 0.6875 0.01875 0.0234375
0 0.49453125 0.654296875 0.0140625 0.01953125
0 0.46796875 0.6591796875 0.0203125 0.025390625
0 0.41953125 0.6572265625 0.0265625 0.037109375
0 0.4390625 0.6376953125 0.01875 0.021484375
0 0.48125 0.634765625 0.015625 0.01953125
0 0.46015625 0.6201171875 0.0171875 0.017578125
0 0.40546875 0.61328125 0.0390625 0.02734375
0 0.384375 0.6318359375 0.021875 0.029296875
0 0.12734375 0.9130859375 0.0234375 0.017578125
0 0.2171875 0.8349609375 0.0125 0.017578125
0 0.11640625 0.8671875 0.0234375 0.015625
0 0.115625 0.8564453125 0.028125 0.013671875
0 0.11484375 0.8486328125 0.0265625 0.013671875
0 0.1140625 0.8408203125 0.028125 0.013671875
