0 0.15703125 0.853515625 0.0234375 0.015625
0 0.1484375 0.8154296875 0.025 0.013671875
0 0.14765625 0.80859375 0.0234375 0.01171875
0 0.14453125 0.80078125 0.0203125 0.0078125
0 0.14296875 0.791015625 0.0234375 0.01171875
0 0.23515625 0.7890625 0.0171875 0.01953125
0 0.42109375 0.6640625 0.0171875 0.01953125
0 0.46328125 0.6611328125 0.0171875 0.017578125
0 0.50078125 0.66015625 0.0171875 0.01953125
0 0.48671875 0.6328125 0.0140625 0.01953125
0 0.46171875 0.6357421875 0.0203125 0.021484375
0 0.41796875 0.6328125 0.0203125 0.03515625
0 0.43515625 0.6171875 0.0140625 0.01953125
0 0.47421875 0.6142578125 0.0140625 0.017578125
0 0.4546875 0.6005859375 0.015625 0.017578125
0 0.40625 0.5947265625 0.034375 0.025390625
0 0.38515625 0.6123046875 0.0203125 0.029296875
