0 0.42890625 0.734375 0.0203125 0.0234375
0 0.4828125 0.7333984375 0.01875 0.021484375
0 0.53125 0.73046875 0.01875 0.01953125
0 0.5109375 0.69140625 0.01875 0.0234375
0 0.48203125 0.6953125 0.0203125 0.02734375
0 0.42734375 0.6953125 0.0296875 0.0390625
0 0.44609375 0.6708984375 0.0203125 0.021484375
0 0.49609375 0.666015625 0.0171875 0.01953125
0 0.47265625 0.6484375 0.0140625 0.0234375
0 0.40703125 0.642578125 0.0453125 0.02734375
0 0.384375 0.6669921875 0.021875 0.029296875
0 0.1828125 0.916015625 0.01875 0.0234375
0 0.06171875 0.9599609375 0.0296875 0.017578125
0 0.06171875 0.947265625 0.0296875 0.015625
0 0.06015625 0.9365234375 0.0296875 0.017578125
0 0.05703125 0.9248046875 0.0296875 0.013671875
