0 0.4515625 0.9775390625 0.028125 0.037109375
0 0.5390625 0.970703125 0.03125 0.04296875
0 0.61953125 0.9638671875 0.0296875 0.033203125
0 0.58203125 0.884765625 0.0265625 0.0390625
0 0.5328125 0.89453125 0.028125 0.046875
0 0.4421875 0.8955078125 0.034375 0.072265625
0 0.47265625 0.8466796875 0.0265625 0.037109375
0 0.55234375 0.8369140625 0.0265625 0.037109375
0 0.51328125 0.8017578125 0.0296875 0.037109375
0 0.4140625 0.7958984375 0.065625 0.041015625
0 0.37265625 0.8330078125 0.0296875 0.052734375
