0 0.4171875 0.607421875 0.0125 0.015625
0 0.45234375 0.6044921875 0.0140625 0.013671875
0 0.48203125 0.6044921875 0.0109375 0.013671875
0 0.471875 0.58203125 0.009375 0.01171875
0 0.45078125 0.5849609375 0.0140625 0.017578125
0 0.415625 0.58203125 0.015625 0.0234375
0 0.4296875 0.5703125 0.009375 0.01171875
0 0.46171875 0.5693359375 0.0109375 0.013671875
0 0.44609375 0.5576171875 0.0109375 0.013671875
0 0.40390625 0.552734375 0.0265625 0.01953125
0 0.3875 0.5654296875 0.015625 0.021484375
0 0.26953125 0.69921875 0.0078125 0.01171875
0 0.21015625 0.7470703125 0.0171875 0.009765625
0 0.20234375 0.7158203125 0.0140625 0.009765625
0 0.2015625 0.7099609375 0.015625 0.009765625
0 0.1984375 0.7021484375 0.015625 0.009765625
0 0.2390625 0.84765625 0.021875 0.015625
