0 0.43125 0.755859375 0.01875 0.02734375
0 0.4890625 0.7509765625 0.021875 0.025390625
0 0.53828125 0.7509765625 0.0234375 0.025390625
0 0.51875 0.70703125 0.01875 0.0234375
0 0.4859375 0.7119140625 0.021875 0.033203125
0 0.428125 0.7119140625 0.03125 0.044921875
0 0.45078125 0.685546875 0.0171875 0.0234375
0 0.5015625 0.6826171875 0.021875 0.025390625
0 0.4765625 0.6611328125 0.01875 0.025390625
0 0.40859375 0.6552734375 0.0484375 0.029296875
0 0.3859375 0.67578125 0.021875 0.03515625
0 0.16953125 0.9521484375 0.0171875 0.025390625
0 0.040625 0.984375 0.03125 0.015625
0 0.03828125 0.9716796875 0.0328125 0.017578125
0 0.03515625 0.958984375 0.0296875 0.015625
