0 0.4171875 0.609375 0.0125 0.015625
0 0.453125 0.6064453125 0.0125 0.013671875
0 0.4828125 0.60546875 0.0125 0.015625
0 0.471875 0.5830078125 0.009375 0.009765625
0 0.45078125 0.5859375 0.0140625 0.01953125
0 0.415625 0.583984375 0.015625 0.02734375
0 0.4296875 0.5712890625 0.009375 0.013671875
0 0.46171875 0.5693359375 0.0109375 0.013671875
0 0.44609375 0.55859375 0.0109375 0.01171875
0 0.40390625 0.5537109375 0.0265625 0.017578125
0 0.3875 0.5673828125 0.015625 0.021484375
0 0.26953125 0.703125 0.0078125 0.01171875
0 0.20859375 0.7509765625 0.0171875 0.009765625
0 0.20078125 0.7197265625 0.0140625 0.009765625
0 0.2 0.7138671875 0.015625 0.009765625
0 0.196875 0.7060546875 0.015625 0.009765625
0 0.23828125 0.85546875 0.0203125 0.015625
