0 0.2640625 0.71484375 0.009375 0.01171875
0 0.20234375 0.763671875 0.0171875 0.01171875
0 0.19375 0.7333984375 0.01875 0.009765625
0 0.1921875 0.7275390625 0.01875 0.009765625
0 0.18984375 0.72265625 0.0171875 0.0078125
0 0.1890625 0.71484375 0.01875 0.0078125
0 0.41796875 0.6162109375 0.0140625 0.017578125
0 0.4546875 0.61328125 0.0125 0.01171875
0 0.4859375 0.6123046875 0.0125 0.013671875
0 0.23125 0.8740234375 0.01875 0.013671875
0 0.47265625 0.58984375 0.0109375 0.01171875
0 0.453125 0.59375 0.0125 0.015625
0 0.415625 0.587890625 0.015625 0.02734375
0 0.46328125 0.57421875 0.0109375 0.01171875
0 0.44765625 0.5625 0.0109375 0.01171875
0 0.40390625 0.5615234375 0.0265625 0.013671875
0 0.38671875 0.572265625 0.0109375 0.0234375
0 0.43046875 0.5771484375 0.0140625 0.013671875
