0 0.41640625 0.6005859375 0.0109375 0.013671875
0 0.45078125 0.5966796875 0.0140625 0.013671875
0 0.48046875 0.5966796875 0.0109375 0.013671875
0 0.4703125 0.5751953125 0.009375 0.009765625
0 0.44921875 0.578125 0.0140625 0.01953125
0 0.41484375 0.5771484375 0.0171875 0.025390625
0 0.428125 0.5634765625 0.009375 0.013671875
0 0.46015625 0.5615234375 0.0109375 0.013671875
0 0.44453125 0.55078125 0.0109375 0.01171875
0 0.40390625 0.5458984375 0.0234375 0.017578125
0 0.3890625 0.5595703125 0.015625 0.021484375
0 0.27578125 0.689453125 0.0078125 0.01171875
0 0.21875 0.7314453125 0.015625 0.009765625
0 0.2109375 0.7041015625 0.015625 0.009765625
0 0.21015625 0.697265625 0.0140625 0.0078125
0 0.20625 0.6904296875 0.015625 0.009765625
0 0.24765625 0.8291015625 0.0171875 0.013671875
