0 0.41640625 0.6015625 0.0109375 0.015625
0 0.45078125 0.59765625 0.0140625 0.01171875
0 0.48046875 0.59765625 0.0109375 0.01171875
0 0.4703125 0.576171875 0.009375 0.01171875
0 0.44921875 0.5791015625 0.0140625 0.017578125
0 0.41484375 0.5771484375 0.0171875 0.025390625
0 0.428125 0.5654296875 0.009375 0.013671875
0 0.46015625 0.5634765625 0.0109375 0.013671875
0 0.44453125 0.552734375 0.0109375 0.01171875
0 0.40390625 0.5478515625 0.0234375 0.017578125
0 0.3890625 0.560546875 0.015625 0.01953125
0 0.27421875 0.689453125 0.0078125 0.01171875
0 0.2171875 0.7333984375 0.015625 0.009765625
0 0.209375 0.7060546875 0.015625 0.009765625
0 0.20859375 0.69921875 0.0140625 0.0078125
0 0.2046875 0.6923828125 0.015625 0.009765625
0 0.24609375 0.8310546875 0.0171875 0.013671875
