0 0.265625 0.6474609375 0.0125 0.009765625
0 0.259375 0.6298828125 0.0125 0.009765625
0 0.25625 0.62109375 0.0125 0.0078125
0 0.3078125 0.6181640625 0.00625 0.009765625
0 0.4171875 0.556640625 0.009375 0.01171875
0 0.44375 0.5546875 0.00625 0.0078125
0 0.465625 0.5546875 0.009375 0.0078125
0 0.45859375 0.5400390625 0.0078125 0.009765625
0 0.4421875 0.541015625 0.009375 0.01171875
0 0.415625 0.5380859375 0.0125 0.017578125
0 0.4265625 0.5302734375 0.009375 0.009765625
0 0.4515625 0.5283203125 0.009375 0.009765625
0 0.4390625 0.521484375 0.009375 0.01171875
0 0.4078125 0.5185546875 0.01875 0.013671875
0 0.3953125 0.525390625 0.0125 0.01953125
0 0.29140625 0.71484375 0.0140625 0.0078125
