0 0.43125 0.74609375 0.021875 0.0234375
0 0.48515625 0.744140625 0.0171875 0.0234375
0 0.53515625 0.740234375 0.0171875 0.01953125
0 0.515625 0.7001953125 0.01875 0.021484375
0 0.48359375 0.7060546875 0.0234375 0.029296875
0 0.42890625 0.7041015625 0.0265625 0.041015625
0 0.44921875 0.6796875 0.0171875 0.0234375
0 0.49921875 0.67578125 0.0171875 0.0234375
0 0.47421875 0.65625 0.0140625 0.0234375
0 0.4078125 0.650390625 0.046875 0.02734375
0 0.38671875 0.6708984375 0.0203125 0.033203125
0 0.1765625 0.9375 0.01875 0.0234375
0 0.05 0.98046875 0.03125 0.01953125
0 0.04921875 0.96875 0.0296875 0.015625
0 0.046875 0.95703125 0.03125 0.015625
0 0.04375 0.9453125 0.028125 0.015625
