0 0.41953125 0.63671875 0.0171875 0.01953125
0 0.45859375 0.6337890625 0.0140625 0.017578125
0 0.4921875 0.6328125 0.015625 0.01953125
0 0.47890625 0.607421875 0.0140625 0.01953125
0 0.4578125 0.611328125 0.01875 0.0234375
0 0.41484375 0.6103515625 0.0171875 0.029296875
0 0.43359375 0.5947265625 0.0140625 0.017578125
0 0.46796875 0.591796875 0.0140625 0.01953125
0 0.4515625 0.5791015625 0.015625 0.017578125
0 0.40546875 0.5751953125 0.0296875 0.025390625
0 0.3859375 0.5888671875 0.01875 0.029296875
0 0.25234375 0.7451171875 0.0109375 0.013671875
0 0.18359375 0.798828125 0.0171875 0.01171875
0 0.17421875 0.7666015625 0.0171875 0.009765625
0 0.17421875 0.7587890625 0.0171875 0.009765625
0 0.171875 0.75 0.01875 0.0078125
0 0.1703125 0.74609375 0.01875 0.01171875
0 0.21484375 0.9287109375 0.0234375 0.017578125
