0 0.26484375 0.7109375 0.0109375 0.01171875
0 0.2046875 0.759765625 0.01875 0.01171875
0 0.1953125 0.7294921875 0.01875 0.009765625
0 0.19453125 0.7236328125 0.0171875 0.009765625
0 0.1921875 0.71875 0.015625 0.0078125
0 0.190625 0.712890625 0.01875 0.0078125
0 0.41796875 0.6142578125 0.0140625 0.017578125
0 0.4546875 0.611328125 0.0125 0.01171875
0 0.484375 0.6103515625 0.0125 0.013671875
0 0.4734375 0.5888671875 0.009375 0.009765625
0 0.45234375 0.591796875 0.0140625 0.01953125
0 0.41484375 0.587890625 0.0171875 0.02734375
0 0.4296875 0.576171875 0.009375 0.01171875
0 0.46328125 0.5751953125 0.0109375 0.013671875
0 0.446875 0.5634765625 0.0125 0.013671875
0 0.40390625 0.55859375 0.0296875 0.01953125
0 0.3875 0.572265625 0.015625 0.0234375
0 0.2328125 0.869140625 0.021875 0.015625
