0 0.275 0.6337890625 0.0125 0.009765625
0 0.26875 0.6142578125 0.0125 0.009765625
0 0.26484375 0.6064453125 0.0109375 0.009765625
0 0.3140625 0.60546875 0.00625 0.0078125
0 0.41484375 0.546875 0.0078125 0.0078125
0 0.440625 0.544921875 0.00625 0.0078125
0 0.46171875 0.544921875 0.0078125 0.0078125
0 0.4546875 0.5302734375 0.00625 0.009765625
0 0.440625 0.5322265625 0.009375 0.013671875
0 0.4140625 0.5302734375 0.0125 0.017578125
0 0.4234375 0.521484375 0.009375 0.0078125
0 0.446875 0.5205078125 0.009375 0.009765625
0 0.43671875 0.5126953125 0.0078125 0.009765625
0 0.40625 0.5107421875 0.01875 0.013671875
0 0.39453125 0.5185546875 0.0109375 0.017578125
0 0.29921875 0.6923828125 0.0109375 0.009765625
