0 0.16953125 0.8271484375 0.0234375 0.017578125
0 0.1609375 0.791015625 0.021875 0.01171875
0 0.1609375 0.7841796875 0.021875 0.009765625
0 0.15859375 0.7783203125 0.0203125 0.009765625
0 0.15703125 0.7705078125 0.0203125 0.009765625
0 0.24375 0.7685546875 0.009375 0.013671875
0 0.41953125 0.650390625 0.0171875 0.01953125
0 0.46015625 0.6474609375 0.0171875 0.017578125
0 0.49609375 0.646484375 0.0171875 0.01953125
0 0.4828125 0.6201171875 0.015625 0.017578125
0 0.459375 0.623046875 0.01875 0.0234375
0 0.4171875 0.62109375 0.021875 0.03125
0 0.43359375 0.60546875 0.0140625 0.01953125
0 0.4703125 0.6025390625 0.0125 0.017578125
0 0.453125 0.58984375 0.015625 0.015625
0 0.40546875 0.5849609375 0.0328125 0.025390625
0 0.3859375 0.6005859375 0.01875 0.029296875
0 0.2015625 0.9677734375 0.025 0.017578125
