0 0.1671875 0.83203125 0.025 0.01953125
0 0.15859375 0.794921875 0.0203125 0.01171875
0 0.1578125 0.787109375 0.021875 0.01171875
0 0.15546875 0.7822265625 0.0203125 0.009765625
0 0.15390625 0.7744140625 0.0203125 0.009765625
0 0.2421875 0.771484375 0.015625 0.01953125
0 0.41953125 0.65234375 0.0171875 0.01953125
0 0.46015625 0.6494140625 0.0171875 0.017578125
0 0.49765625 0.6484375 0.0171875 0.01953125
0 0.48359375 0.6220703125 0.0140625 0.017578125
0 0.459375 0.625 0.01875 0.0234375
0 0.4171875 0.623046875 0.021875 0.03125
0 0.43359375 0.607421875 0.0140625 0.01953125
0 0.47109375 0.6044921875 0.0140625 0.017578125
0 0.453125 0.591796875 0.015625 0.015625
0 0.40546875 0.5849609375 0.0328125 0.025390625
0 0.38515625 0.6025390625 0.0203125 0.029296875
0 0.1984375 0.9736328125 0.025 0.017578125
