0 0.42421875 0.697265625 0.0171875 0.0234375
0 0.47109375 0.6943359375 0.0171875 0.021484375
0 0.5125 0.693359375 0.01875 0.0234375
0 0.496875 0.6591796875 0.015625 0.021484375
0 0.46953125 0.6650390625 0.0203125 0.025390625
0 0.42109375 0.662109375 0.0265625 0.0390625
0 0.43984375 0.6416015625 0.0171875 0.021484375
0 0.4828125 0.638671875 0.015625 0.01953125
0 0.46171875 0.623046875 0.0171875 0.01953125
0 0.40703125 0.6171875 0.0390625 0.02734375
0 0.384375 0.6357421875 0.021875 0.029296875
0 0.1203125 0.923828125 0.025 0.01953125
0 0.21328125 0.8447265625 0.0140625 0.017578125
0 0.11015625 0.87890625 0.0265625 0.015625
0 0.10859375 0.8681640625 0.0296875 0.013671875
0 0.10859375 0.859375 0.0265625 0.01171875
0 0.10703125 0.8525390625 0.0265625 0.013671875
