0 0.4296875 0.740234375 0.01875 0.0234375
0 0.48515625 0.7392578125 0.0203125 0.025390625
0 0.5328125 0.7373046875 0.021875 0.025390625
0 0.5125 0.6953125 0.01875 0.0234375
0 0.48203125 0.7021484375 0.0203125 0.033203125
0 0.42734375 0.6982421875 0.0265625 0.041015625
0 0.4484375 0.67578125 0.01875 0.0234375
0 0.49609375 0.671875 0.0203125 0.0234375
0 0.471875 0.6533203125 0.021875 0.025390625
0 0.4078125 0.6474609375 0.046875 0.029296875
0 0.38515625 0.666015625 0.0234375 0.03515625
0 0.17890625 0.927734375 0.0171875 0.0234375
0 0.05625 0.96875 0.03125 0.01953125
0 0.05625 0.95703125 0.03125 0.015625
0 0.0546875 0.9453125 0.03125 0.015625
0 0.05078125 0.93359375 0.0296875 0.015625
