0 0.271875 0.6083984375 0.0125 0.009765625
0 0.2703125 0.6005859375 0.0125 0.009765625
0 0.278125 0.626953125 0.0125 0.0078125
0 0.315625 0.6005859375 0.00625 0.009765625
0 0.415625 0.5419921875 0.009375 0.009765625
0 0.43984375 0.5419921875 0.0078125 0.009765625
0 0.46015625 0.541015625 0.0078125 0.01171875
0 0.45390625 0.52734375 0.0078125 0.0078125
0 0.4390625 0.52734375 0.009375 0.01171875
0 0.42421875 0.5185546875 0.0078125 0.009765625
0 0.4140625 0.5263671875 0.0125 0.017578125
0 0.44609375 0.5166015625 0.0078125 0.009765625
0 0.43671875 0.509765625 0.0078125 0.01171875
0 0.40703125 0.5087890625 0.0171875 0.013671875
0 0.3953125 0.5146484375 0.0125 0.017578125
0 0.30234375 0.68359375 0.0109375 0.0078125
