0 0.41875 0.630859375 0.015625 0.01953125
0 0.45703125 0.62890625 0.0140625 0.015625
0 0.490625 0.626953125 0.015625 0.01953125
0 0.47734375 0.6025390625 0.0140625 0.017578125
0 0.45625 0.6064453125 0.01875 0.021484375
0 0.4171875 0.6025390625 0.021875 0.033203125
0 0.43203125 0.5908203125 0.0140625 0.017578125
0 0.46640625 0.587890625 0.0140625 0.01953125
0 0.45 0.5751953125 0.015625 0.017578125
0 0.4046875 0.5712890625 0.028125 0.025390625
0 0.38671875 0.5849609375 0.0171875 0.029296875
0 0.25546875 0.7373046875 0.0109375 0.013671875
0 0.18828125 0.7890625 0.0171875 0.01171875
0 0.1796875 0.7568359375 0.01875 0.009765625
0 0.17890625 0.7509765625 0.0203125 0.009765625
0 0.1765625 0.74609375 0.01875 0.0078125
0 0.175 0.7353515625 0.01875 0.009765625
0 0.21875 0.9111328125 0.021875 0.017578125
