0 0.4171875 0.59375 0.009375 0.01171875
0 0.44921875 0.5908203125 0.0109375 0.009765625
0 0.47890625 0.5908203125 0.0109375 0.009765625
0 0.46796875 0.5703125 0.0109375 0.01171875
0 0.4484375 0.5732421875 0.0125 0.017578125
0 0.428125 0.55859375 0.009375 0.01171875
0 0.415625 0.5712890625 0.015625 0.025390625
0 0.45859375 0.5576171875 0.0109375 0.013671875
0 0.44375 0.5478515625 0.009375 0.013671875
0 0.4046875 0.5439453125 0.025 0.017578125
0 0.38984375 0.5537109375 0.0140625 0.021484375
0 0.28125 0.677734375 0.009375 0.01171875
0 0.22578125 0.71875 0.0171875 0.01171875
0 0.2171875 0.6943359375 0.015625 0.009765625
0 0.215625 0.6865234375 0.015625 0.005859375
0 0.2125 0.6787109375 0.015625 0.009765625
0 0.25390625 0.8115234375 0.0171875 0.013671875
