0 0.43125 0.7431640625 0.021875 0.029296875
0 0.4859375 0.7392578125 0.021875 0.025390625
0 0.5328125 0.7392578125 0.021875 0.025390625
0 0.5140625 0.6962890625 0.01875 0.021484375
0 0.4828125 0.701171875 0.021875 0.02734375
0 0.42734375 0.701171875 0.0296875 0.04296875
0 0.4484375 0.67578125 0.01875 0.0234375
0 0.49609375 0.6728515625 0.0203125 0.025390625
0 0.471875 0.6533203125 0.021875 0.025390625
0 0.4078125 0.6474609375 0.046875 0.029296875
0 0.384375 0.6689453125 0.025 0.037109375
0 0.17890625 0.9287109375 0.0171875 0.021484375
0 0.05546875 0.9716796875 0.0296875 0.017578125
0 0.0546875 0.958984375 0.03125 0.015625
0 0.053125 0.9482421875 0.03125 0.017578125
0 0.04921875 0.935546875 0.0296875 0.015625
