0 0.41875 0.568359375 0.009375 0.01171875
0 0.446875 0.5654296875 0.009375 0.009765625
0 0.471875 0.5654296875 0.009375 0.009765625
0 0.4625 0.548828125 0.009375 0.01171875
0 0.44609375 0.55078125 0.0109375 0.015625
0 0.428125 0.5390625 0.009375 0.01171875
0 0.41640625 0.5498046875 0.0140625 0.021484375
0 0.4546875 0.537109375 0.009375 0.01171875
0 0.44296875 0.529296875 0.0109375 0.01171875
0 0.40859375 0.525390625 0.0203125 0.015625
0 0.3953125 0.53515625 0.0125 0.01953125
0 0.30078125 0.6376953125 0.0078125 0.009765625
0 0.25546875 0.671875 0.0140625 0.01171875
0 0.24765625 0.650390625 0.0140625 0.0078125
0 0.24609375 0.64453125 0.0140625 0.0078125
0 0.24375 0.63671875 0.0125 0.0078125
0 0.28203125 0.7451171875 0.0140625 0.009765625
