0 0.43515625 0.7880859375 0.0234375 0.029296875
0 0.4953125 0.7822265625 0.021875 0.029296875
0 0.5515625 0.7802734375 0.021875 0.029296875
0 0.52734375 0.7333984375 0.0203125 0.025390625
0 0.49140625 0.740234375 0.0265625 0.03515625
0 0.4296875 0.73828125 0.034375 0.05078125
0 0.45390625 0.708984375 0.0203125 0.02734375
0 0.509375 0.705078125 0.021875 0.02734375
0 0.48203125 0.68359375 0.0234375 0.02734375
0 0.41171875 0.677734375 0.0515625 0.0390625
0 0.38359375 0.7001953125 0.0265625 0.041015625
