0 0.16484375 0.8369140625 0.0203125 0.013671875
0 0.15625 0.798828125 0.021875 0.01171875
0 0.15625 0.791015625 0.021875 0.01171875
0 0.153125 0.7861328125 0.021875 0.009765625
0 0.1515625 0.7783203125 0.021875 0.009765625
0 0.23984375 0.7744140625 0.0109375 0.017578125
0 0.4203125 0.6552734375 0.01875 0.021484375
0 0.46171875 0.65234375 0.0171875 0.01953125
0 0.49765625 0.6513671875 0.0171875 0.017578125
0 0.484375 0.625 0.015625 0.01953125
0 0.46015625 0.626953125 0.0203125 0.0234375
0 0.41796875 0.625 0.0203125 0.03125
0 0.434375 0.609375 0.015625 0.01953125
0 0.471875 0.6064453125 0.0125 0.017578125
0 0.45390625 0.59375 0.0140625 0.015625
0 0.40546875 0.5869140625 0.0328125 0.025390625
0 0.38515625 0.6044921875 0.0203125 0.029296875
0 0.196875 0.9775390625 0.025 0.017578125
