0 0.41953125 0.5859375 0.0109375 0.01171875
0 0.45 0.5830078125 0.009375 0.009765625
0 0.4765625 0.5830078125 0.009375 0.009765625
0 0.4671875 0.5625 0.009375 0.01171875
0 0.4484375 0.5654296875 0.0125 0.017578125
0 0.4296875 0.552734375 0.009375 0.01171875
0 0.4171875 0.564453125 0.015625 0.0234375
0 0.4578125 0.55078125 0.009375 0.01171875
0 0.4453125 0.541015625 0.009375 0.01171875
0 0.4078125 0.537109375 0.025 0.015625
0 0.3921875 0.546875 0.015625 0.01953125
0 0.28828125 0.666015625 0.0078125 0.01171875
0 0.2359375 0.7041015625 0.015625 0.009765625
0 0.22734375 0.6806640625 0.0140625 0.009765625
0 0.2265625 0.671875 0.0125 0.0078125
0 0.2234375 0.666015625 0.015625 0.0078125
0 0.26328125 0.7900390625 0.0171875 0.013671875
