0 0.41875 0.6298828125 0.015625 0.017578125
0 0.45703125 0.626953125 0.0140625 0.015625
0 0.48984375 0.6259765625 0.0140625 0.017578125
0 0.47734375 0.6015625 0.0140625 0.01953125
0 0.45625 0.60546875 0.01875 0.0234375
0 0.4171875 0.6025390625 0.021875 0.033203125
0 0.43203125 0.5888671875 0.0140625 0.017578125
0 0.46640625 0.5859375 0.0140625 0.01953125
0 0.45 0.5732421875 0.015625 0.017578125
0 0.4046875 0.5693359375 0.028125 0.025390625
0 0.38671875 0.5830078125 0.0171875 0.029296875
0 0.25625 0.7353515625 0.009375 0.013671875
0 0.18984375 0.787109375 0.0171875 0.01171875
0 0.18125 0.7548828125 0.01875 0.009765625
0 0.18046875 0.7490234375 0.0203125 0.009765625
0 0.178125 0.744140625 0.01875 0.0078125
0 0.1765625 0.7333984375 0.01875 0.009765625
0 0.2203125 0.9052734375 0.021875 0.017578125
