0 0.41953125 0.583984375 0.0109375 0.01171875
0 0.45 0.5810546875 0.009375 0.009765625
0 0.4765625 0.5810546875 0.009375 0.009765625
0 0.4671875 0.5625 0.009375 0.01171875
0 0.4484375 0.564453125 0.0125 0.015625
0 0.4296875 0.55078125 0.009375 0.01171875
0 0.41796875 0.5625 0.0140625 0.0234375
0 0.4578125 0.5498046875 0.009375 0.013671875
0 0.4453125 0.5400390625 0.009375 0.013671875
0 0.40859375 0.5361328125 0.0234375 0.017578125
0 0.39296875 0.5458984375 0.0140625 0.021484375
0 0.28984375 0.6630859375 0.0078125 0.009765625
0 0.2390625 0.7001953125 0.015625 0.009765625
0 0.23046875 0.6767578125 0.0140625 0.009765625
0 0.2296875 0.66796875 0.0125 0.0078125
0 0.2265625 0.662109375 0.015625 0.0078125
0 0.26640625 0.78515625 0.0171875 0.01171875
