0 0.2734375 0.6376953125 0.0125 0.009765625
0 0.2671875 0.6181640625 0.0125 0.009765625
0 0.26328125 0.6103515625 0.0109375 0.009765625
0 0.3125 0.6083984375 0.00625 0.009765625
0 0.41484375 0.548828125 0.0078125 0.0078125
0 0.440625 0.546875 0.00625 0.0078125
0 0.4625 0.546875 0.009375 0.0078125
0 0.45546875 0.5322265625 0.0078125 0.009765625
0 0.440625 0.5341796875 0.009375 0.013671875
0 0.4140625 0.5322265625 0.0125 0.017578125
0 0.4234375 0.5234375 0.009375 0.0078125
0 0.4484375 0.5224609375 0.009375 0.009765625
0 0.43671875 0.5146484375 0.0078125 0.009765625
0 0.40625 0.5126953125 0.01875 0.013671875
0 0.39453125 0.5205078125 0.0109375 0.017578125
0 0.29765625 0.6962890625 0.0109375 0.009765625
