0 0.41953125 0.5771484375 0.0109375 0.013671875
0 0.45 0.5751953125 0.009375 0.009765625
0 0.47578125 0.5751953125 0.0109375 0.009765625
0 0.465625 0.556640625 0.009375 0.01171875
0 0.4484375 0.55859375 0.0125 0.015625
0 0.4296875 0.546875 0.009375 0.01171875
0 0.41796875 0.5576171875 0.0140625 0.021484375
0 0.4578125 0.544921875 0.009375 0.01171875
0 0.44453125 0.53515625 0.0078125 0.01171875
0 0.4078125 0.533203125 0.021875 0.015625
0 0.39296875 0.54296875 0.0140625 0.01953125
0 0.29453125 0.654296875 0.0078125 0.01171875
0 0.24453125 0.6904296875 0.0140625 0.009765625
0 0.2359375 0.66796875 0.015625 0.0078125
0 0.23515625 0.662109375 0.0140625 0.0078125
0 0.23203125 0.654296875 0.0140625 0.0078125
0 0.271875 0.771484375 0.015625 0.01171875
