0 0.14375 0.8818359375 0.021875 0.017578125
0 0.1328125 0.8388671875 0.025 0.013671875
0 0.1328125 0.830078125 0.025 0.01171875
0 0.13125 0.82421875 0.021875 0.0078125
0 0.128125 0.81640625 0.025 0.01171875
0 0.2265625 0.8115234375 0.0125 0.017578125
0 0.421875 0.6767578125 0.01875 0.021484375
0 0.46640625 0.673828125 0.0171875 0.01953125
0 0.50546875 0.6728515625 0.0171875 0.017578125
0 0.490625 0.64453125 0.015625 0.01953125
0 0.46484375 0.6474609375 0.0203125 0.021484375
0 0.41875 0.64453125 0.021875 0.03515625
0 0.4359375 0.626953125 0.015625 0.01953125
0 0.47734375 0.6240234375 0.0140625 0.017578125
0 0.45703125 0.609375 0.0171875 0.01953125
0 0.40546875 0.6044921875 0.0359375 0.025390625
0 0.38359375 0.62109375 0.0203125 0.03125
