0 0.140625 0.8837890625 0.025 0.017578125
0 0.1328125 0.8408203125 0.025 0.013671875
0 0.13125 0.83203125 0.025 0.01171875
0 0.1296875 0.826171875 0.021875 0.0078125
0 0.1265625 0.818359375 0.025 0.01171875
0 0.22578125 0.8134765625 0.0140625 0.017578125
0 0.421875 0.6787109375 0.01875 0.021484375
0 0.46640625 0.67578125 0.0171875 0.01953125
0 0.50703125 0.6748046875 0.0171875 0.017578125
0 0.490625 0.64453125 0.015625 0.01953125
0 0.46484375 0.6484375 0.0203125 0.0234375
0 0.41875 0.64453125 0.021875 0.03515625
0 0.4359375 0.626953125 0.015625 0.01953125
0 0.47734375 0.6240234375 0.0140625 0.017578125
0 0.45703125 0.6103515625 0.0171875 0.017578125
0 0.40546875 0.6044921875 0.0359375 0.025390625
0 0.38359375 0.6220703125 0.0203125 0.029296875
