0 0.4265625 0.71484375 0.021875 0.02734375
0 0.4765625 0.712890625 0.01875 0.0234375
0 0.5203125 0.7109375 0.01875 0.0234375
0 0.503125 0.6728515625 0.01875 0.021484375
0 0.475 0.6806640625 0.021875 0.029296875
0 0.425 0.677734375 0.028125 0.0390625
0 0.44453125 0.654296875 0.0171875 0.0234375
0 0.48671875 0.6513671875 0.0171875 0.021484375
0 0.465625 0.63671875 0.01875 0.0234375
0 0.40625 0.6318359375 0.04375 0.033203125
0 0.384375 0.6494140625 0.025 0.037109375
0 0.1984375 0.8779296875 0.015625 0.021484375
0 0.09453125 0.96875 0.0328125 0.0234375
0 0.0875 0.9150390625 0.028125 0.013671875
0 0.0875 0.9033203125 0.028125 0.013671875
0 0.08671875 0.89453125 0.0265625 0.015625
0 0.0828125 0.8837890625 0.028125 0.013671875
