0 0.43125 0.7529296875 0.021875 0.029296875
0 0.4890625 0.7470703125 0.021875 0.025390625
0 0.53671875 0.7470703125 0.0234375 0.025390625
0 0.5171875 0.703125 0.01875 0.0234375
0 0.484375 0.708984375 0.025 0.03125
0 0.428125 0.7080078125 0.03125 0.044921875
0 0.44921875 0.681640625 0.0171875 0.0234375
0 0.5 0.6787109375 0.021875 0.025390625
0 0.4734375 0.6591796875 0.021875 0.025390625
0 0.4078125 0.6552734375 0.046875 0.033203125
0 0.384375 0.6748046875 0.025 0.037109375
0 0.17109375 0.943359375 0.0171875 0.0234375
0 0.0453125 0.98828125 0.03125 0.01953125
0 0.04453125 0.9765625 0.0296875 0.015625
0 0.0421875 0.9638671875 0.03125 0.017578125
0 0.03984375 0.951171875 0.0296875 0.015625
