0 0.178125 0.810546875 0.021875 0.015625
0 0.16953125 0.775390625 0.0203125 0.01171875
0 0.16953125 0.76953125 0.0203125 0.0078125
0 0.1671875 0.763671875 0.01875 0.0078125
0 0.165625 0.7568359375 0.01875 0.009765625
0 0.24921875 0.75390625 0.0109375 0.015625
0 0.41875 0.6416015625 0.015625 0.021484375
0 0.45859375 0.638671875 0.0171875 0.01953125
0 0.49296875 0.6376953125 0.0171875 0.017578125
0 0.48046875 0.6123046875 0.0140625 0.017578125
0 0.4578125 0.6142578125 0.01875 0.021484375
0 0.41640625 0.61328125 0.0203125 0.03125
0 0.4328125 0.5986328125 0.0125 0.017578125
0 0.46875 0.5947265625 0.0125 0.017578125
0 0.4515625 0.583984375 0.015625 0.015625
0 0.4046875 0.5771484375 0.03125 0.025390625
0 0.3859375 0.5947265625 0.01875 0.029296875
0 0.20859375 0.9423828125 0.0234375 0.017578125
