0 0.41875 0.626953125 0.015625 0.01953125
0 0.45703125 0.625 0.0140625 0.015625
0 0.4890625 0.623046875 0.015625 0.01953125
0 0.4765625 0.5986328125 0.0125 0.017578125
0 0.45546875 0.6025390625 0.0171875 0.021484375
0 0.4171875 0.599609375 0.021875 0.03125
0 0.43203125 0.5869140625 0.0140625 0.017578125
0 0.46640625 0.583984375 0.0140625 0.01953125
0 0.45 0.5712890625 0.015625 0.017578125
0 0.4046875 0.5673828125 0.028125 0.025390625
0 0.38671875 0.5810546875 0.0171875 0.029296875
0 0.2578125 0.73046875 0.009375 0.01171875
0 0.1921875 0.78125 0.01875 0.01171875
0 0.1828125 0.7509765625 0.01875 0.009765625
0 0.1828125 0.7451171875 0.01875 0.009765625
0 0.18046875 0.73828125 0.0171875 0.0078125
0 0.178125 0.73046875 0.01875 0.0078125
0 0.22265625 0.8994140625 0.0234375 0.017578125
