0 0.41796875 0.587890625 0.0109375 0.01171875
0 0.44921875 0.5869140625 0.0109375 0.009765625
0 0.47734375 0.5869140625 0.0109375 0.009765625
0 0.4671875 0.56640625 0.009375 0.01171875
0 0.4484375 0.5693359375 0.0125 0.017578125
0 0.4296875 0.556640625 0.009375 0.01171875
0 0.4171875 0.56640625 0.015625 0.0234375
0 0.4578125 0.5537109375 0.009375 0.013671875
0 0.4453125 0.544921875 0.009375 0.01171875
0 0.40625 0.5400390625 0.025 0.017578125
0 0.39140625 0.5498046875 0.0140625 0.021484375
0 0.28515625 0.6708984375 0.0078125 0.009765625
0 0.23203125 0.7119140625 0.0171875 0.009765625
0 0.2234375 0.6875 0.015625 0.0078125
0 0.22109375 0.6796875 0.0140625 0.0078125
0 0.21796875 0.671875 0.0171875 0.0078125
0 0.25859375 0.7998046875 0.0171875 0.013671875
