0 0.42734375 0.7333984375 0.0171875 0.025390625
0 0.48203125 0.7294921875 0.0171875 0.021484375
0 0.5296875 0.7275390625 0.01875 0.017578125
0 0.509375 0.6884765625 0.015625 0.021484375
0 0.48046875 0.693359375 0.0234375 0.02734375
0 0.42578125 0.6923828125 0.0234375 0.037109375
0 0.44765625 0.669921875 0.0171875 0.0234375
0 0.49375 0.6650390625 0.01875 0.021484375
0 0.471875 0.6474609375 0.015625 0.021484375
0 0.40703125 0.640625 0.0453125 0.02734375
0 0.3859375 0.6611328125 0.021875 0.033203125
0 0.184375 0.912109375 0.015625 0.01953125
0 0.06484375 0.9541015625 0.0296875 0.017578125
0 0.06484375 0.9423828125 0.0296875 0.013671875
0 0.06328125 0.931640625 0.0296875 0.015625
0 0.059375 0.919921875 0.028125 0.015625
