0 0.43515625 0.7958984375 0.0234375 0.029296875
0 0.4984375 0.7900390625 0.021875 0.029296875
0 0.55390625 0.7880859375 0.0234375 0.029296875
0 0.53046875 0.7412109375 0.0203125 0.025390625
0 0.49453125 0.7470703125 0.0265625 0.037109375
0 0.43046875 0.744140625 0.0359375 0.05078125
0 0.45546875 0.71484375 0.0203125 0.02734375
0 0.5109375 0.7109375 0.021875 0.02734375
0 0.48359375 0.6884765625 0.0234375 0.029296875
0 0.4109375 0.6826171875 0.053125 0.037109375
0 0.3828125 0.7060546875 0.028125 0.041015625
