0 0.4265625 0.716796875 0.021875 0.02734375
0 0.47734375 0.716796875 0.0203125 0.0234375
0 0.52109375 0.712890625 0.0203125 0.0234375
0 0.5046875 0.6748046875 0.01875 0.021484375
0 0.475 0.6826171875 0.021875 0.029296875
0 0.425 0.6796875 0.028125 0.0390625
0 0.4453125 0.65625 0.01875 0.0234375
0 0.4875 0.6533203125 0.01875 0.021484375
0 0.465625 0.63671875 0.01875 0.0234375
0 0.40625 0.6337890625 0.04375 0.033203125
0 0.384375 0.6513671875 0.025 0.037109375
0 0.19609375 0.8828125 0.0140625 0.01953125
0 0.0921875 0.97265625 0.03125 0.0234375
0 0.084375 0.9208984375 0.028125 0.013671875
0 0.084375 0.9091796875 0.028125 0.013671875
0 0.08359375 0.8994140625 0.0265625 0.017578125
0 0.0796875 0.8876953125 0.028125 0.013671875
