0 0.26875 0.6142578125 0.0125 0.009765625
0 0.265625 0.6064453125 0.0125 0.009765625
0 0.275 0.6328125 0.0125 0.0078125
0 0.31328125 0.60546875 0.0078125 0.01171875
0 0.415625 0.5458984375 0.009375 0.009765625
0 0.43984375 0.5458984375 0.0078125 0.009765625
0 0.4609375 0.544921875 0.009375 0.01171875
0 0.45390625 0.529296875 0.0078125 0.0078125
0 0.43984375 0.53125 0.0078125 0.01171875
0 0.42421875 0.5205078125 0.0078125 0.009765625
0 0.4140625 0.5302734375 0.0125 0.017578125
0 0.44765625 0.5205078125 0.0078125 0.009765625
0 0.43671875 0.51171875 0.0078125 0.01171875
0 0.40703125 0.5107421875 0.0171875 0.013671875
0 0.3953125 0.5166015625 0.0125 0.017578125
0 0.30078125 0.6904296875 0.0109375 0.009765625
