0 0.16171875 0.841796875 0.0203125 0.015625
0 0.153125 0.8046875 0.021875 0.01171875
0 0.15234375 0.796875 0.0234375 0.01171875
0 0.15 0.7919921875 0.021875 0.009765625
0 0.1484375 0.7841796875 0.021875 0.009765625
0 0.23828125 0.779296875 0.0109375 0.01171875
0 0.4203125 0.658203125 0.01875 0.01953125
0 0.46171875 0.6552734375 0.0171875 0.017578125
0 0.49921875 0.654296875 0.0171875 0.01953125
0 0.48515625 0.6279296875 0.0140625 0.017578125
0 0.4609375 0.6298828125 0.01875 0.021484375
0 0.41796875 0.6279296875 0.0203125 0.033203125
0 0.434375 0.6123046875 0.015625 0.017578125
0 0.47265625 0.6083984375 0.0140625 0.017578125
0 0.4546875 0.5966796875 0.015625 0.017578125
0 0.40546875 0.5908203125 0.0328125 0.025390625
0 0.38515625 0.6064453125 0.0203125 0.029296875
0 0.19375 0.9892578125 0.025 0.017578125
