0 0.265625 0.708984375 0.009375 0.01171875
0 0.2046875 0.755859375 0.01875 0.01171875
0 0.1953125 0.7275390625 0.01875 0.009765625
0 0.1953125 0.7216796875 0.01875 0.009765625
0 0.19296875 0.716796875 0.0171875 0.0078125
0 0.190625 0.7109375 0.01875 0.0078125
0 0.41796875 0.6142578125 0.0140625 0.017578125
0 0.45390625 0.611328125 0.0140625 0.01171875
0 0.484375 0.609375 0.0125 0.015625
0 0.4734375 0.5869140625 0.009375 0.009765625
0 0.45234375 0.58984375 0.0140625 0.01953125
0 0.41484375 0.5869140625 0.0171875 0.025390625
0 0.4296875 0.57421875 0.009375 0.01171875
0 0.46328125 0.5732421875 0.0109375 0.013671875
0 0.446875 0.5615234375 0.0125 0.013671875
0 0.40390625 0.556640625 0.0296875 0.01953125
0 0.3875 0.5703125 0.015625 0.0234375
0 0.234375 0.8671875 0.021875 0.015625
