0 0.43203125 0.7568359375 0.0203125 0.025390625
0 0.490625 0.7529296875 0.021875 0.025390625
0 0.53984375 0.7529296875 0.0234375 0.025390625
0 0.51875 0.708984375 0.01875 0.0234375
0 0.4875 0.712890625 0.021875 0.03125
0 0.428125 0.7119140625 0.028125 0.041015625
0 0.45078125 0.6875 0.0171875 0.0234375
0 0.5015625 0.68359375 0.021875 0.02734375
0 0.47734375 0.662109375 0.0203125 0.0234375
0 0.4078125 0.6572265625 0.046875 0.025390625
0 0.384375 0.6787109375 0.021875 0.037109375
0 0.1671875 0.95703125 0.01875 0.0234375
0 0.0359375 0.98828125 0.03125 0.015625
0 0.03671875 0.9736328125 0.0328125 0.017578125
0 0.03203125 0.962890625 0.0296875 0.015625
