0 0.42578125 0.7099609375 0.0203125 0.025390625
0 0.47421875 0.7060546875 0.0171875 0.021484375
0 0.5171875 0.70703125 0.01875 0.0234375
0 0.50078125 0.669921875 0.0171875 0.01953125
0 0.47265625 0.67578125 0.0203125 0.02734375
0 0.42265625 0.673828125 0.0265625 0.0390625
0 0.4421875 0.6533203125 0.01875 0.021484375
0 0.4859375 0.6494140625 0.01875 0.021484375
0 0.4640625 0.6328125 0.01875 0.0234375
0 0.409375 0.6259765625 0.040625 0.029296875
0 0.38359375 0.6455078125 0.0234375 0.033203125
0 0.103125 0.9560546875 0.03125 0.021484375
0 0.203125 0.869140625 0.015625 0.01953125
0 0.09453125 0.904296875 0.0296875 0.015625
0 0.09296875 0.8916015625 0.0296875 0.013671875
0 0.09296875 0.8837890625 0.0296875 0.013671875
0 0.090625 0.8759765625 0.028125 0.013671875
