0 0.41796875 0.6201171875 0.0140625 0.017578125
0 0.45546875 0.6181640625 0.0109375 0.013671875
0 0.4875 0.615234375 0.0125 0.01953125
0 0.47421875 0.591796875 0.0109375 0.01953125
0 0.45390625 0.595703125 0.0140625 0.0234375
0 0.41640625 0.5927734375 0.0140625 0.033203125
0 0.43125 0.580078125 0.009375 0.015625
0 0.46328125 0.578125 0.0109375 0.01953125
0 0.44765625 0.56640625 0.0109375 0.015625
0 0.40546875 0.5625 0.0265625 0.01953125
0 0.3875 0.576171875 0.0125 0.0234375
0 0.26171875 0.720703125 0.0109375 0.01171875
0 0.1984375 0.76953125 0.01875 0.01171875
0 0.1890625 0.7392578125 0.01875 0.009765625
0 0.1890625 0.7333984375 0.01875 0.009765625
0 0.18671875 0.728515625 0.0171875 0.0078125
0 0.184375 0.720703125 0.01875 0.0078125
0 0.22578125 0.8837890625 0.0203125 0.013671875
