0 0.42265625 0.6875 0.0171875 0.0234375
0 0.46796875 0.6826171875 0.0171875 0.021484375
0 0.5078125 0.681640625 0.01875 0.0234375
0 0.49296875 0.650390625 0.0140625 0.01953125
0 0.4671875 0.6552734375 0.021875 0.025390625
0 0.41953125 0.65234375 0.0265625 0.03515625
0 0.43828125 0.6337890625 0.0171875 0.021484375
0 0.4796875 0.630859375 0.015625 0.01953125
0 0.45859375 0.6162109375 0.0171875 0.017578125
0 0.40546875 0.609375 0.0390625 0.0234375
0 0.384375 0.6279296875 0.021875 0.029296875
0 0.13203125 0.900390625 0.0265625 0.01953125
0 0.22109375 0.826171875 0.0109375 0.015625
0 0.1234375 0.85546875 0.021875 0.015625
0 0.121875 0.8466796875 0.028125 0.013671875
0 0.121875 0.837890625 0.025 0.01171875
0 0.12109375 0.8310546875 0.0265625 0.013671875
