0 0.425 0.703125 0.01875 0.0234375
0 0.47265625 0.6982421875 0.0171875 0.021484375
0 0.515625 0.69921875 0.01875 0.0234375
0 0.4984375 0.6640625 0.015625 0.01953125
0 0.47109375 0.669921875 0.0203125 0.02734375
0 0.42109375 0.66796875 0.0265625 0.0390625
0 0.440625 0.6474609375 0.01875 0.021484375
0 0.484375 0.6435546875 0.01875 0.021484375
0 0.4625 0.6279296875 0.01875 0.021484375
0 0.40703125 0.62109375 0.0390625 0.02734375
0 0.384375 0.6396484375 0.021875 0.033203125
0 0.11328125 0.9365234375 0.0296875 0.021484375
0 0.2078125 0.8564453125 0.015625 0.021484375
0 0.10390625 0.888671875 0.0265625 0.015625
0 0.1015625 0.8779296875 0.028125 0.013671875
0 0.1015625 0.8701171875 0.028125 0.013671875
0 0.1 0.8623046875 0.028125 0.013671875
