0 0.44296875 0.888671875 0.0296875 0.0390625
0 0.51875 0.8837890625 0.028125 0.041015625
0 0.5875 0.876953125 0.028125 0.03515625
0 0.55703125 0.8154296875 0.0234375 0.037109375
0 0.51484375 0.822265625 0.0296875 0.04296875
0 0.43828125 0.8232421875 0.0328125 0.060546875
0 0.46484375 0.7841796875 0.0234375 0.033203125
0 0.53359375 0.775390625 0.0265625 0.03515625
0 0.50078125 0.748046875 0.0265625 0.03125
0 0.41328125 0.7392578125 0.0578125 0.041015625
0 0.37734375 0.771484375 0.0296875 0.046875
