0 0.4296875 0.7412109375 0.021875 0.029296875
0 0.48515625 0.7373046875 0.0203125 0.025390625
0 0.53125 0.736328125 0.021875 0.0234375
0 0.5125 0.6943359375 0.01875 0.021484375
0 0.48125 0.7021484375 0.025 0.033203125
0 0.428125 0.6982421875 0.025 0.041015625
0 0.44765625 0.673828125 0.0171875 0.0234375
0 0.49609375 0.6708984375 0.0203125 0.025390625
0 0.47109375 0.65234375 0.0203125 0.0234375
0 0.40703125 0.6455078125 0.0453125 0.029296875
0 0.3859375 0.6669921875 0.021875 0.037109375
0 0.1796875 0.923828125 0.01875 0.0234375
0 0.0578125 0.9658203125 0.03125 0.017578125
0 0.05703125 0.9541015625 0.0296875 0.013671875
0 0.05546875 0.943359375 0.0296875 0.015625
0 0.05234375 0.931640625 0.0296875 0.015625
