0 0.50546875 0.7099609375 0.0515625 0.111328125
0 0.7140625 0.671875 0.05625 0.08984375
0 0.48828125 0.4345703125 0.0765625 0.173828125
0 0.67890625 0.4345703125 0.0609375 0.119140625
0 0.78515625 0.3828125 0.0578125 0.0859375
0 0.54453125 0.265625 0.0484375 0.078125
0 0.70859375 0.244140625 0.0515625 0.08203125
0 0.62421875 0.1318359375 0.0515625 0.076171875
0 0.41328125 0.119140625 0.1328125 0.0859375
0 0.33671875 0.2353515625 0.0578125 0.130859375
0 0.89140625 0.6474609375 0.0609375 0.091796875
