0 0.434375 0.771484375 0.021875 0.02734375
0 0.49375 0.767578125 0.01875 0.02734375
0 0.546875 0.7646484375 0.01875 0.025390625
0 0.5234375 0.7197265625 0.01875 0.021484375
0 0.490625 0.724609375 0.021875 0.02734375
0 0.43203125 0.7236328125 0.0265625 0.041015625
0 0.453125 0.6962890625 0.015625 0.025390625
0 0.50625 0.693359375 0.01875 0.0234375
0 0.4796875 0.671875 0.015625 0.0234375
0 0.41015625 0.666015625 0.0484375 0.02734375
0 0.38515625 0.6884765625 0.0234375 0.037109375
0 0.1546875 0.9833984375 0.01875 0.025390625
