0 0.2671875 0.6474609375 0.0125 0.009765625
0 0.26015625 0.6298828125 0.0140625 0.009765625
0 0.25703125 0.62109375 0.0140625 0.0078125
0 0.3078125 0.6181640625 0.00625 0.009765625
0 0.4171875 0.5556640625 0.009375 0.009765625
0 0.44375 0.552734375 0.00625 0.0078125
0 0.465625 0.552734375 0.009375 0.0078125
0 0.45859375 0.5380859375 0.0078125 0.009765625
0 0.4421875 0.5400390625 0.009375 0.013671875
0 0.415625 0.5380859375 0.0125 0.017578125
0 0.4265625 0.529296875 0.009375 0.0078125
0 0.4515625 0.5283203125 0.009375 0.009765625
0 0.4390625 0.5205078125 0.009375 0.009765625
0 0.4078125 0.5185546875 0.01875 0.013671875
0 0.3953125 0.525390625 0.0125 0.01953125
0 0.2921875 0.7138671875 0.015625 0.009765625
