0 0.4328125 0.763671875 0.021875 0.02734375
0 0.490625 0.7578125 0.021875 0.02734375
0 0.54296875 0.755859375 0.0203125 0.02734375
0 0.51953125 0.7109375 0.0203125 0.0234375
0 0.4890625 0.71875 0.021875 0.02734375
0 0.4296875 0.7158203125 0.028125 0.044921875
0 0.4515625 0.685546875 0.01875 0.0234375
0 0.50234375 0.685546875 0.0203125 0.02734375
0 0.47734375 0.666015625 0.0203125 0.02734375
0 0.41015625 0.6591796875 0.0453125 0.025390625
0 0.3859375 0.6806640625 0.021875 0.037109375
0 0.1609375 0.966796875 0.01875 0.0234375
0 0.0296875 0.984375 0.034375 0.015625
0 0.028125 0.97265625 0.03125 0.015625
