0 0.16640625 0.8330078125 0.0265625 0.017578125
0 0.1578125 0.794921875 0.021875 0.01171875
0 0.1578125 0.7880859375 0.021875 0.009765625
0 0.1546875 0.783203125 0.021875 0.0078125
0 0.153125 0.7763671875 0.021875 0.009765625
0 0.240625 0.7724609375 0.0125 0.017578125
0 0.41953125 0.654296875 0.0171875 0.01953125
0 0.46015625 0.6513671875 0.0171875 0.017578125
0 0.49765625 0.650390625 0.0171875 0.01953125
0 0.48359375 0.623046875 0.0140625 0.01953125
0 0.459375 0.6259765625 0.01875 0.021484375
0 0.4171875 0.6240234375 0.021875 0.033203125
0 0.43359375 0.6083984375 0.0140625 0.017578125
0 0.47109375 0.6044921875 0.0140625 0.017578125
0 0.453125 0.5927734375 0.015625 0.017578125
0 0.40546875 0.5869140625 0.0328125 0.025390625
0 0.38515625 0.603515625 0.0203125 0.02734375
0 0.1984375 0.974609375 0.025 0.015625
