0 0.42578125 0.7060546875 0.0203125 0.025390625
0 0.47421875 0.7021484375 0.0171875 0.021484375
0 0.515625 0.703125 0.01875 0.0234375
0 0.5 0.6669921875 0.015625 0.021484375
0 0.47109375 0.671875 0.0203125 0.02734375
0 0.42109375 0.669921875 0.0265625 0.0390625
0 0.44140625 0.6494140625 0.0171875 0.021484375
0 0.48515625 0.6455078125 0.0171875 0.021484375
0 0.4640625 0.6298828125 0.01875 0.021484375
0 0.4078125 0.623046875 0.040625 0.02734375
0 0.38359375 0.642578125 0.0234375 0.03125
0 0.10703125 0.9462890625 0.0296875 0.021484375
0 0.2046875 0.8603515625 0.015625 0.017578125
0 0.09921875 0.896484375 0.0296875 0.015625
0 0.09765625 0.8857421875 0.0296875 0.013671875
0 0.096875 0.8779296875 0.028125 0.013671875
0 0.0953125 0.8701171875 0.028125 0.013671875
