0 0.41796875 0.62109375 0.0140625 0.01953125
0 0.45546875 0.619140625 0.0140625 0.015625
0 0.48671875 0.6171875 0.0140625 0.01953125
0 0.475 0.59375 0.0125 0.015625
0 0.45390625 0.5966796875 0.0171875 0.021484375
0 0.41640625 0.5947265625 0.0203125 0.033203125
0 0.43046875 0.58203125 0.0140625 0.015625
0 0.46484375 0.5791015625 0.0140625 0.017578125
0 0.4484375 0.5673828125 0.015625 0.017578125
0 0.40390625 0.5625 0.0265625 0.0234375
0 0.3875 0.576171875 0.015625 0.02734375
0 0.2609375 0.72265625 0.009375 0.01171875
0 0.196875 0.771484375 0.01875 0.01171875
0 0.1875 0.7431640625 0.01875 0.009765625
0 0.1875 0.7373046875 0.01875 0.009765625
0 0.18515625 0.73046875 0.0171875 0.0078125
0 0.1828125 0.72265625 0.01875 0.0078125
0 0.22734375 0.88671875 0.0234375 0.015625
