0 0.43125 0.7470703125 0.021875 0.029296875
0 0.48671875 0.7421875 0.0203125 0.0234375
0 0.534375 0.7412109375 0.021875 0.025390625
0 0.5140625 0.6982421875 0.01875 0.021484375
0 0.48359375 0.7041015625 0.0203125 0.029296875
0 0.4265625 0.7021484375 0.028125 0.041015625
0 0.44921875 0.677734375 0.0171875 0.0234375
0 0.49765625 0.6748046875 0.0203125 0.025390625
0 0.47265625 0.6552734375 0.0203125 0.025390625
0 0.4078125 0.6513671875 0.046875 0.033203125
0 0.384375 0.6708984375 0.025 0.037109375
0 0.17734375 0.93359375 0.0171875 0.0234375
0 0.05234375 0.9765625 0.0296875 0.01953125
0 0.0515625 0.96484375 0.03125 0.015625
0 0.05 0.9521484375 0.03125 0.017578125
0 0.04609375 0.9404296875 0.0296875 0.013671875
