0 0.41875 0.62890625 0.015625 0.01953125
0 0.45703125 0.626953125 0.0140625 0.015625
0 0.4890625 0.625 0.015625 0.01953125
0 0.4765625 0.6005859375 0.0125 0.017578125
0 0.45546875 0.6044921875 0.0171875 0.021484375
0 0.4171875 0.6005859375 0.021875 0.033203125
0 0.43203125 0.5888671875 0.0140625 0.017578125
0 0.46640625 0.5859375 0.0140625 0.01953125
0 0.45 0.5732421875 0.015625 0.017578125
0 0.4046875 0.5693359375 0.028125 0.025390625
0 0.38671875 0.5830078125 0.0171875 0.029296875
0 0.25703125 0.7333984375 0.0109375 0.013671875
0 0.190625 0.78515625 0.01875 0.01171875
0 0.18125 0.7548828125 0.01875 0.009765625
0 0.18125 0.7490234375 0.01875 0.009765625
0 0.17890625 0.7421875 0.0171875 0.0078125
0 0.1765625 0.7333984375 0.01875 0.009765625
0 0.22109375 0.9033203125 0.0234375 0.017578125
