0 0.2765625 0.6025390625 0.0125 0.009765625
0 0.275 0.5947265625 0.0125 0.009765625
0 0.2828125 0.619140625 0.0125 0.0078125
0 0.31953125 0.59375 0.0046875 0.0078125
0 0.4140625 0.5380859375 0.009375 0.009765625
0 0.43828125 0.5361328125 0.0078125 0.009765625
0 0.45859375 0.5361328125 0.0078125 0.009765625
0 0.45234375 0.5234375 0.0078125 0.0078125
0 0.4375 0.5234375 0.009375 0.01171875
0 0.42265625 0.5146484375 0.0078125 0.009765625
0 0.4125 0.5224609375 0.0125 0.017578125
0 0.44453125 0.5126953125 0.0078125 0.009765625
0 0.43515625 0.505859375 0.0078125 0.01171875
0 0.40703125 0.5048828125 0.0171875 0.013671875
0 0.3953125 0.5107421875 0.009375 0.017578125
0 0.30546875 0.67578125 0.0109375 0.0078125
