0 0.428125 0.720703125 0.021875 0.02734375
0 0.478125 0.71875 0.01875 0.0234375
0 0.521875 0.716796875 0.01875 0.0234375
0 0.5046875 0.6767578125 0.01875 0.021484375
0 0.4765625 0.6845703125 0.021875 0.029296875
0 0.425 0.681640625 0.028125 0.0390625
0 0.4453125 0.658203125 0.01875 0.0234375
0 0.48828125 0.6552734375 0.0171875 0.021484375
0 0.46640625 0.638671875 0.0203125 0.0234375
0 0.40625 0.6357421875 0.04375 0.033203125
0 0.384375 0.6533203125 0.025 0.037109375
0 0.1953125 0.88671875 0.0125 0.01953125
0 0.0890625 0.9775390625 0.03125 0.021484375
0 0.08203125 0.9248046875 0.0296875 0.013671875
0 0.08203125 0.9130859375 0.0296875 0.013671875
0 0.08125 0.904296875 0.028125 0.015625
0 0.0765625 0.8935546875 0.028125 0.013671875
