0 0.41953125 0.583984375 0.0109375 0.01171875
0 0.45 0.5810546875 0.009375 0.009765625
0 0.4765625 0.5810546875 0.009375 0.009765625
0 0.4671875 0.5625 0.009375 0.01171875
0 0.4484375 0.564453125 0.0125 0.015625
0 0.4296875 0.552734375 0.009375 0.01171875
0 0.41796875 0.5634765625 0.0140625 0.021484375
0 0.4578125 0.55078125 0.009375 0.01171875
0 0.4453125 0.541015625 0.009375 0.01171875
0 0.4078125 0.537109375 0.025 0.015625
0 0.39296875 0.546875 0.0140625 0.01953125
0 0.28984375 0.6640625 0.0078125 0.01171875
0 0.2375 0.7021484375 0.015625 0.009765625
0 0.22890625 0.6787109375 0.0140625 0.009765625
0 0.228125 0.669921875 0.0125 0.0078125
0 0.225 0.6640625 0.015625 0.0078125
0 0.26484375 0.7861328125 0.0171875 0.013671875
