0 0.4328125 0.763671875 0.021875 0.02734375
0 0.490625 0.759765625 0.021875 0.02734375
0 0.54296875 0.7568359375 0.0203125 0.029296875
0 0.52109375 0.7119140625 0.0203125 0.025390625
0 0.4875 0.7177734375 0.021875 0.033203125
0 0.43125 0.7177734375 0.028125 0.041015625
0 0.4515625 0.689453125 0.015625 0.0234375
0 0.50234375 0.6865234375 0.0203125 0.025390625
0 0.47890625 0.6650390625 0.0171875 0.021484375
0 0.41015625 0.66015625 0.0453125 0.02734375
0 0.38515625 0.681640625 0.0171875 0.03515625
0 0.1609375 0.9697265625 0.01875 0.025390625
0 0.02734375 0.986328125 0.0359375 0.015625
0 0.0265625 0.9755859375 0.03125 0.017578125
