0 0.4328125 0.76171875 0.021875 0.03125
0 0.49140625 0.755859375 0.0234375 0.02734375
0 0.54140625 0.75390625 0.0234375 0.0234375
0 0.5203125 0.7109375 0.01875 0.0234375
0 0.4875 0.7158203125 0.021875 0.029296875
0 0.43046875 0.71484375 0.0265625 0.04296875
0 0.45078125 0.689453125 0.0171875 0.0234375
0 0.50234375 0.685546875 0.0171875 0.01953125
0 0.47890625 0.6640625 0.0171875 0.0234375
0 0.4109375 0.6591796875 0.04375 0.025390625
0 0.3859375 0.6796875 0.021875 0.03515625
0 0.1640625 0.962890625 0.015625 0.0234375
0 0.03203125 0.98046875 0.0328125 0.015625
0 0.03046875 0.96875 0.0296875 0.015625
