0 0.4296875 0.74609375 0.01875 0.02734375
0 0.48671875 0.7431640625 0.0203125 0.025390625
0 0.53515625 0.740234375 0.0203125 0.01953125
0 0.515625 0.69921875 0.01875 0.0234375
0 0.4828125 0.705078125 0.01875 0.03125
0 0.4265625 0.7021484375 0.025 0.041015625
0 0.44921875 0.6796875 0.0171875 0.0234375
0 0.49765625 0.67578125 0.0203125 0.0234375
0 0.4734375 0.6552734375 0.021875 0.025390625
0 0.4078125 0.6494140625 0.046875 0.029296875
0 0.3859375 0.669921875 0.021875 0.03515625
0 0.175 0.935546875 0.01875 0.0234375
0 0.05078125 0.978515625 0.0296875 0.01953125
0 0.05 0.966796875 0.03125 0.015625
0 0.0484375 0.9541015625 0.03125 0.017578125
0 0.0453125 0.9423828125 0.028125 0.013671875
