0 0.46015625 0.87890625 0.0359375 0.06640625
0 0.57578125 0.8642578125 0.0421875 0.060546875
0 0.68203125 0.8544921875 0.0421875 0.056640625
0 0.63046875 0.740234375 0.0328125 0.046875
0 0.56640625 0.7607421875 0.0453125 0.060546875
0 0.45078125 0.75390625 0.0484375 0.09765625
0 0.48515625 0.6748046875 0.0359375 0.052734375
0 0.58984375 0.6708984375 0.0296875 0.044921875
0 0.53984375 0.619140625 0.0265625 0.0390625
0 0.4109375 0.60546875 0.08125 0.0546875
0 0.3609375 0.6650390625 0.046875 0.068359375
