0 0.4171875 0.595703125 0.009375 0.01171875
0 0.44921875 0.59375 0.0109375 0.01171875
0 0.47890625 0.59375 0.0109375 0.01171875
0 0.46796875 0.572265625 0.0109375 0.01171875
0 0.4484375 0.5751953125 0.0125 0.017578125
0 0.428125 0.560546875 0.009375 0.01171875
0 0.41484375 0.5732421875 0.0171875 0.025390625
0 0.45859375 0.5595703125 0.0109375 0.013671875
0 0.44375 0.5498046875 0.009375 0.013671875
0 0.40390625 0.5458984375 0.0265625 0.017578125
0 0.3890625 0.5556640625 0.015625 0.021484375
0 0.27890625 0.6796875 0.0078125 0.01171875
0 0.22421875 0.72265625 0.0171875 0.01171875
0 0.215625 0.697265625 0.015625 0.0078125
0 0.21328125 0.6904296875 0.0171875 0.005859375
0 0.21015625 0.6806640625 0.0171875 0.009765625
0 0.25234375 0.8173828125 0.0171875 0.013671875
