0 0.43125 0.7431640625 0.01875 0.025390625
0 0.48515625 0.7412109375 0.0171875 0.025390625
0 0.5359375 0.73828125 0.01875 0.01953125
0 0.5140625 0.697265625 0.01875 0.0234375
0 0.4828125 0.703125 0.01875 0.03125
0 0.42734375 0.701171875 0.0234375 0.04296875
0 0.44921875 0.677734375 0.0171875 0.0234375
0 0.4984375 0.6728515625 0.01875 0.021484375
0 0.47421875 0.654296875 0.0171875 0.0234375
0 0.4078125 0.6484375 0.046875 0.02734375
0 0.3859375 0.669921875 0.01875 0.03515625
0 0.178125 0.9306640625 0.01875 0.021484375
0 0.05390625 0.9736328125 0.0296875 0.017578125
0 0.053125 0.9619140625 0.03125 0.013671875
0 0.0515625 0.9501953125 0.03125 0.017578125
0 0.04765625 0.9375 0.0296875 0.015625
