0 0.1640625 0.83984375 0.021875 0.015625
0 0.1546875 0.80078125 0.021875 0.01171875
0 0.15390625 0.7939453125 0.0234375 0.009765625
0 0.1515625 0.7880859375 0.021875 0.009765625
0 0.15 0.7802734375 0.021875 0.009765625
0 0.23984375 0.77734375 0.0109375 0.015625
0 0.4203125 0.6572265625 0.01875 0.021484375
0 0.46171875 0.654296875 0.0171875 0.01953125
0 0.49921875 0.6533203125 0.0171875 0.017578125
0 0.484375 0.6259765625 0.015625 0.017578125
0 0.46015625 0.62890625 0.0203125 0.0234375
0 0.41796875 0.6259765625 0.0203125 0.033203125
0 0.434375 0.6103515625 0.015625 0.017578125
0 0.471875 0.6064453125 0.0125 0.017578125
0 0.4546875 0.5947265625 0.015625 0.017578125
0 0.40546875 0.5888671875 0.0328125 0.025390625
0 0.38515625 0.6064453125 0.0203125 0.029296875
0 0.1953125 0.9833984375 0.025 0.017578125
