0 0.41875 0.630859375 0.015625 0.01953125
0 0.45703125 0.6279296875 0.0140625 0.017578125
0 0.48984375 0.626953125 0.0140625 0.01953125
0 0.47734375 0.6025390625 0.0140625 0.017578125
0 0.45625 0.60546875 0.01875 0.0234375
0 0.4171875 0.6025390625 0.021875 0.033203125
0 0.43203125 0.58984375 0.0140625 0.015625
0 0.46640625 0.5869140625 0.0140625 0.017578125
0 0.45 0.5751953125 0.015625 0.017578125
0 0.4046875 0.5693359375 0.028125 0.025390625
0 0.38671875 0.583984375 0.0171875 0.02734375
0 0.25546875 0.7353515625 0.0109375 0.013671875
0 0.1890625 0.787109375 0.01875 0.01171875
0 0.1796875 0.7568359375 0.01875 0.009765625
0 0.1796875 0.7509765625 0.01875 0.009765625
0 0.17734375 0.744140625 0.0171875 0.0078125
0 0.175 0.7353515625 0.01875 0.009765625
0 0.21953125 0.9072265625 0.0234375 0.017578125
