0 0.428125 0.720703125 0.021875 0.02734375
0 0.47890625 0.71875 0.0203125 0.0234375
0 0.52265625 0.716796875 0.0203125 0.0234375
0 0.50546875 0.6787109375 0.0203125 0.021484375
0 0.4765625 0.685546875 0.021875 0.03125
0 0.425 0.6826171875 0.028125 0.041015625
0 0.4453125 0.66015625 0.01875 0.0234375
0 0.4890625 0.65625 0.01875 0.0234375
0 0.4671875 0.6396484375 0.01875 0.025390625
0 0.40625 0.6337890625 0.04375 0.029296875
0 0.384375 0.654296875 0.025 0.0390625
0 0.19296875 0.888671875 0.0171875 0.01953125
0 0.0875 0.9794921875 0.03125 0.021484375
0 0.08046875 0.927734375 0.0296875 0.015625
0 0.08046875 0.9150390625 0.0296875 0.013671875
0 0.0796875 0.90625 0.028125 0.015625
0 0.07578125 0.8955078125 0.0296875 0.013671875
