0 0.4546875 0.7939453125 0.034375 0.052734375
0 0.55859375 0.7861328125 0.0359375 0.052734375
0 0.6546875 0.7783203125 0.0375 0.048828125
0 0.6109375 0.6748046875 0.034375 0.048828125
0 0.5515625 0.6904296875 0.034375 0.056640625
0 0.44609375 0.689453125 0.0421875 0.08203125
0 0.48359375 0.6259765625 0.0328125 0.044921875
0 0.575 0.6181640625 0.034375 0.044921875
0 0.52890625 0.57421875 0.0328125 0.0390625
0 0.40703125 0.5634765625 0.0859375 0.056640625
0 0.36640625 0.609375 0.0359375 0.05859375
