0 0.2734375 0.6083984375 0.0125 0.009765625
0 0.2703125 0.6005859375 0.0125 0.009765625
0 0.2796875 0.625 0.0125 0.0078125
0 0.3171875 0.5986328125 0.00625 0.009765625
0 0.4140625 0.5419921875 0.009375 0.009765625
0 0.43828125 0.5400390625 0.0078125 0.009765625
0 0.459375 0.5400390625 0.009375 0.009765625
0 0.45234375 0.525390625 0.0078125 0.0078125
0 0.43828125 0.52734375 0.0078125 0.01171875
0 0.42265625 0.5166015625 0.0078125 0.009765625
0 0.4125 0.5263671875 0.0125 0.017578125
0 0.44609375 0.5166015625 0.0078125 0.009765625
0 0.43515625 0.5078125 0.0078125 0.01171875
0 0.40703125 0.5068359375 0.0171875 0.013671875
0 0.3953125 0.5126953125 0.009375 0.017578125
0 0.30234375 0.6826171875 0.0109375 0.009765625
