0 0.2703125 0.6103515625 0.0125 0.009765625
0 0.26875 0.6025390625 0.0125 0.009765625
0 0.2765625 0.62890625 0.0125 0.0078125
0 0.31484375 0.6025390625 0.0078125 0.009765625
0 0.415625 0.5439453125 0.009375 0.009765625
0 0.43984375 0.5439453125 0.0078125 0.009765625
0 0.46015625 0.54296875 0.0078125 0.01171875
0 0.45390625 0.52734375 0.0078125 0.0078125
0 0.4390625 0.529296875 0.009375 0.01171875
0 0.42421875 0.5185546875 0.0078125 0.009765625
0 0.4140625 0.5283203125 0.0125 0.017578125
0 0.44609375 0.5185546875 0.0078125 0.009765625
0 0.43671875 0.509765625 0.0078125 0.01171875
0 0.40703125 0.5087890625 0.0171875 0.013671875
0 0.3953125 0.5146484375 0.0125 0.017578125
0 0.30078125 0.6865234375 0.0109375 0.009765625
