0 0.5046875 0.771484375 0.053125 0.109375
0 0.70390625 0.7451171875 0.0515625 0.087890625
0 0.48359375 0.5146484375 0.0765625 0.162109375
0 0.66953125 0.5126953125 0.0609375 0.111328125
0 0.771875 0.4716796875 0.04375 0.076171875
0 0.54453125 0.357421875 0.0484375 0.07421875
0 0.7078125 0.3369140625 0.05625 0.080078125
0 0.61640625 0.236328125 0.0453125 0.0625
0 0.4125 0.2119140625 0.140625 0.099609375
0 0.33828125 0.3271484375 0.0640625 0.111328125
0 0.8765625 0.7177734375 0.053125 0.080078125
