0 0.41796875 0.58984375 0.0109375 0.01171875
0 0.44921875 0.587890625 0.0109375 0.01171875
0 0.478125 0.587890625 0.009375 0.01171875
0 0.46796875 0.568359375 0.0109375 0.01171875
0 0.4484375 0.5703125 0.0125 0.015625
0 0.428125 0.556640625 0.009375 0.01171875
0 0.415625 0.568359375 0.015625 0.0234375
0 0.45859375 0.5556640625 0.0109375 0.013671875
0 0.44375 0.5458984375 0.009375 0.013671875
0 0.40625 0.5419921875 0.025 0.017578125
0 0.390625 0.5517578125 0.015625 0.021484375
0 0.2828125 0.673828125 0.009375 0.01171875
0 0.2296875 0.71484375 0.015625 0.01171875
0 0.22109375 0.689453125 0.0140625 0.0078125
0 0.21875 0.6826171875 0.015625 0.005859375
0 0.21640625 0.673828125 0.0171875 0.0078125
0 0.25703125 0.8037109375 0.0171875 0.013671875
