0 0.1796875 0.806640625 0.021875 0.015625
0 0.17109375 0.7734375 0.0203125 0.01171875
0 0.171875 0.7666015625 0.01875 0.009765625
0 0.16875 0.76171875 0.01875 0.0078125
0 0.1671875 0.7548828125 0.01875 0.009765625
0 0.24921875 0.7509765625 0.0109375 0.013671875
0 0.41875 0.640625 0.015625 0.01953125
0 0.45703125 0.6376953125 0.0171875 0.017578125
0 0.49296875 0.63671875 0.0171875 0.01953125
0 0.48046875 0.6103515625 0.0140625 0.017578125
0 0.45703125 0.6123046875 0.0203125 0.021484375
0 0.41640625 0.6123046875 0.0203125 0.029296875
0 0.4328125 0.5966796875 0.0125 0.017578125
0 0.46796875 0.5927734375 0.0140625 0.017578125
0 0.45078125 0.58203125 0.0140625 0.015625
0 0.40546875 0.5771484375 0.0296875 0.025390625
0 0.3859375 0.5927734375 0.01875 0.029296875
0 0.21171875 0.9345703125 0.0234375 0.017578125
