0 0.1609375 0.8447265625 0.025 0.017578125
0 0.15234375 0.8046875 0.0203125 0.01171875
0 0.1515625 0.796875 0.021875 0.01171875
0 0.14921875 0.7919921875 0.0203125 0.009765625
0 0.14765625 0.7841796875 0.0203125 0.009765625
0 0.23828125 0.78125 0.0109375 0.015625
0 0.4203125 0.6591796875 0.01875 0.021484375
0 0.46171875 0.65625 0.0171875 0.01953125
0 0.49921875 0.6552734375 0.0171875 0.017578125
0 0.48515625 0.6279296875 0.0140625 0.017578125
0 0.4609375 0.630859375 0.01875 0.0234375
0 0.41796875 0.6279296875 0.0203125 0.033203125
0 0.434375 0.6123046875 0.015625 0.017578125
0 0.47265625 0.6083984375 0.0140625 0.017578125
0 0.4546875 0.5966796875 0.015625 0.017578125
0 0.40546875 0.5908203125 0.0328125 0.025390625
0 0.38515625 0.6083984375 0.0203125 0.029296875
0 0.19375 0.9912109375 0.025 0.017578125
