0 0.41875 0.587890625 0.009375 0.01171875
0 0.45 0.5849609375 0.009375 0.009765625
0 0.47734375 0.5849609375 0.0109375 0.009765625
0 0.4671875 0.564453125 0.009375 0.01171875
0 0.4484375 0.5673828125 0.0125 0.017578125
0 0.4296875 0.5546875 0.009375 0.01171875
0 0.4171875 0.56640625 0.015625 0.0234375
0 0.4578125 0.552734375 0.009375 0.01171875
0 0.4453125 0.54296875 0.009375 0.01171875
0 0.40625 0.5390625 0.025 0.015625
0 0.39140625 0.548828125 0.0140625 0.01953125
0 0.2859375 0.669921875 0.009375 0.01171875
0 0.2328125 0.708984375 0.015625 0.01171875
0 0.22421875 0.6845703125 0.0140625 0.009765625
0 0.22265625 0.6767578125 0.0140625 0.005859375
0 0.2203125 0.669921875 0.015625 0.0078125
0 0.26015625 0.7958984375 0.0171875 0.013671875
