0 0.13984375 0.8857421875 0.0234375 0.017578125
0 0.13125 0.8427734375 0.025 0.013671875
0 0.13125 0.833984375 0.025 0.01171875
0 0.1296875 0.828125 0.021875 0.0078125
0 0.12578125 0.818359375 0.0265625 0.01171875
0 0.22578125 0.814453125 0.0140625 0.01953125
0 0.42265625 0.6787109375 0.0203125 0.021484375
0 0.46640625 0.67578125 0.0171875 0.01953125
0 0.50703125 0.6748046875 0.0171875 0.017578125
0 0.490625 0.6455078125 0.015625 0.017578125
0 0.46484375 0.6484375 0.0203125 0.0234375
0 0.41875 0.64453125 0.021875 0.03515625
0 0.43671875 0.62890625 0.0171875 0.01953125
0 0.47734375 0.6259765625 0.0140625 0.017578125
0 0.4578125 0.611328125 0.015625 0.01953125
0 0.40546875 0.6044921875 0.0359375 0.025390625
0 0.38359375 0.623046875 0.0203125 0.03125
