0 0.17265625 0.81640625 0.0234375 0.015625
0 0.16640625 0.78125 0.0203125 0.01171875
0 0.16640625 0.7744140625 0.0203125 0.009765625
0 0.16328125 0.76953125 0.0203125 0.0078125
0 0.16171875 0.7626953125 0.0203125 0.009765625
0 0.246875 0.7578125 0.009375 0.015625
0 0.41953125 0.64453125 0.0171875 0.01953125
0 0.45859375 0.6416015625 0.0171875 0.017578125
0 0.49453125 0.640625 0.0171875 0.01953125
0 0.48125 0.6162109375 0.015625 0.017578125
0 0.4578125 0.6181640625 0.01875 0.021484375
0 0.41640625 0.6171875 0.0203125 0.03125
0 0.43359375 0.6005859375 0.0140625 0.017578125
0 0.46875 0.5966796875 0.0125 0.017578125
0 0.45234375 0.5859375 0.0140625 0.015625
0 0.40546875 0.5791015625 0.0328125 0.025390625
0 0.3859375 0.5966796875 0.01875 0.029296875
0 0.2046875 0.9501953125 0.025 0.017578125
