0 0.1390625 0.888671875 0.025 0.015625
0 0.1296875 0.8447265625 0.025 0.013671875
0 0.12890625 0.8359375 0.0265625 0.01171875
0 0.128125 0.830078125 0.021875 0.0078125
0 0.12421875 0.822265625 0.0265625 0.01171875
0 0.2234375 0.8173828125 0.0125 0.017578125
0 0.42265625 0.6806640625 0.0203125 0.021484375
0 0.46640625 0.677734375 0.0171875 0.01953125
0 0.50703125 0.6767578125 0.0171875 0.017578125
0 0.490625 0.646484375 0.015625 0.01953125
0 0.46484375 0.650390625 0.0203125 0.0234375
0 0.41875 0.646484375 0.021875 0.03515625
0 0.43671875 0.62890625 0.0171875 0.01953125
0 0.47734375 0.6259765625 0.0140625 0.017578125
0 0.4578125 0.6123046875 0.015625 0.017578125
0 0.40546875 0.6064453125 0.0359375 0.025390625
0 0.38359375 0.6240234375 0.0203125 0.029296875
