0 0.42578125 0.7119140625 0.0203125 0.025390625
0 0.47578125 0.7080078125 0.0171875 0.021484375
0 0.51875 0.708984375 0.01875 0.0234375
0 0.50234375 0.6728515625 0.0171875 0.021484375
0 0.47265625 0.677734375 0.0203125 0.02734375
0 0.42265625 0.6767578125 0.0265625 0.041015625
0 0.4421875 0.6552734375 0.01875 0.021484375
0 0.4875 0.6513671875 0.01875 0.021484375
0 0.465625 0.634765625 0.01875 0.0234375
0 0.4078125 0.6279296875 0.040625 0.029296875
0 0.38359375 0.6474609375 0.0234375 0.033203125
0 0.09921875 0.9638671875 0.0296875 0.021484375
0 0.20078125 0.873046875 0.0140625 0.01953125
0 0.0921875 0.91015625 0.03125 0.015625
0 0.08984375 0.8974609375 0.0296875 0.013671875
0 0.08984375 0.8896484375 0.0296875 0.013671875
0 0.0875 0.8818359375 0.028125 0.013671875
