0 0.428125 0.7236328125 0.021875 0.029296875
0 0.4796875 0.7216796875 0.01875 0.025390625
0 0.52578125 0.7177734375 0.0171875 0.021484375
0 0.50625 0.6806640625 0.01875 0.021484375
0 0.47734375 0.6875 0.0234375 0.03125
0 0.425 0.68359375 0.025 0.0390625
0 0.4453125 0.6611328125 0.01875 0.021484375
0 0.48984375 0.658203125 0.0171875 0.0234375
0 0.46796875 0.640625 0.0171875 0.0234375
0 0.40625 0.634765625 0.04375 0.02734375
0 0.38359375 0.6572265625 0.0234375 0.033203125
0 0.19140625 0.892578125 0.0140625 0.01953125
0 0.08515625 0.984375 0.0296875 0.01953125
0 0.078125 0.9326171875 0.028125 0.013671875
0 0.07734375 0.9208984375 0.0296875 0.013671875
0 0.0765625 0.9111328125 0.028125 0.017578125
0 0.07265625 0.8994140625 0.0296875 0.013671875
