0 0.17421875 0.8193359375 0.0203125 0.013671875
0 0.16484375 0.783203125 0.0203125 0.01171875
0 0.16484375 0.7763671875 0.0203125 0.009765625
0 0.16171875 0.771484375 0.0203125 0.0078125
0 0.16015625 0.7646484375 0.0203125 0.009765625
0 0.24609375 0.7587890625 0.0109375 0.017578125
0 0.41953125 0.646484375 0.0171875 0.01953125
0 0.45859375 0.6435546875 0.0171875 0.017578125
0 0.49453125 0.642578125 0.0171875 0.01953125
0 0.48203125 0.6162109375 0.0140625 0.017578125
0 0.4578125 0.619140625 0.01875 0.0234375
0 0.41796875 0.6171875 0.0203125 0.03125
0 0.43359375 0.6025390625 0.0140625 0.017578125
0 0.46953125 0.5986328125 0.0140625 0.017578125
0 0.45234375 0.5869140625 0.0140625 0.017578125
0 0.40546875 0.5810546875 0.0328125 0.025390625
0 0.3859375 0.5966796875 0.01875 0.025390625
0 0.203125 0.9560546875 0.025 0.017578125
