0 0.41796875 0.6181640625 0.0140625 0.017578125
0 0.45390625 0.6162109375 0.0140625 0.013671875
0 0.48671875 0.61328125 0.0109375 0.015625
0 0.4734375 0.591796875 0.0125 0.015625
0 0.45390625 0.5947265625 0.0140625 0.021484375
0 0.4171875 0.58984375 0.015625 0.03125
0 0.43046875 0.580078125 0.0140625 0.015625
0 0.4640625 0.5751953125 0.0125 0.013671875
0 0.4484375 0.564453125 0.0125 0.015625
0 0.4046875 0.5615234375 0.028125 0.017578125
0 0.3890625 0.57421875 0.0125 0.02734375
0 0.2625 0.716796875 0.009375 0.01171875
0 0.2 0.765625 0.01875 0.01171875
0 0.190625 0.7373046875 0.01875 0.009765625
0 0.190625 0.7314453125 0.01875 0.009765625
0 0.18828125 0.724609375 0.0171875 0.0078125
0 0.1859375 0.71875 0.01875 0.0078125
0 0.228125 0.8798828125 0.021875 0.013671875
