0 0.16875 0.8291015625 0.025 0.017578125
0 0.16015625 0.791015625 0.0203125 0.01171875
0 0.159375 0.7841796875 0.021875 0.009765625
0 0.15703125 0.779296875 0.0203125 0.0078125
0 0.15546875 0.7724609375 0.0203125 0.009765625
0 0.24453125 0.76953125 0.0109375 0.015625
0 0.41953125 0.6513671875 0.0171875 0.021484375
0 0.46015625 0.6484375 0.0171875 0.01953125
0 0.49609375 0.6474609375 0.0171875 0.017578125
0 0.4828125 0.62109375 0.015625 0.01953125
0 0.459375 0.6240234375 0.01875 0.021484375
0 0.4171875 0.6220703125 0.021875 0.033203125
0 0.43359375 0.6064453125 0.0140625 0.017578125
0 0.4703125 0.6025390625 0.0125 0.017578125
0 0.453125 0.5908203125 0.015625 0.017578125
0 0.40546875 0.5849609375 0.0328125 0.025390625
0 0.38515625 0.6015625 0.0203125 0.02734375
0 0.2 0.9677734375 0.025 0.017578125
