0 0.1453125 0.87890625 0.021875 0.015625
0 0.134375 0.8369140625 0.025 0.013671875
0 0.134375 0.828125 0.025 0.01171875
0 0.1328125 0.822265625 0.021875 0.0078125
0 0.1296875 0.8125 0.025 0.01171875
0 0.22890625 0.80859375 0.0109375 0.015625
0 0.421875 0.67578125 0.01875 0.01953125
0 0.46640625 0.6728515625 0.0171875 0.017578125
0 0.50546875 0.671875 0.0171875 0.01953125
0 0.48984375 0.642578125 0.0140625 0.01953125
0 0.46328125 0.646484375 0.0203125 0.0234375
0 0.41875 0.642578125 0.021875 0.03515625
0 0.4359375 0.625 0.015625 0.01953125
0 0.47734375 0.6220703125 0.0140625 0.017578125
0 0.45703125 0.6083984375 0.0171875 0.017578125
0 0.40625 0.6025390625 0.034375 0.025390625
0 0.38359375 0.6201171875 0.0203125 0.029296875
