0 0.13828125 0.890625 0.0234375 0.01953125
0 0.128125 0.8466796875 0.025 0.013671875
0 0.128125 0.837890625 0.025 0.01171875
0 0.1265625 0.83203125 0.021875 0.0078125
0 0.12265625 0.82421875 0.0265625 0.01171875
0 0.22265625 0.8193359375 0.0109375 0.017578125
0 0.42265625 0.6806640625 0.0203125 0.021484375
0 0.46796875 0.677734375 0.0171875 0.01953125
0 0.50703125 0.6767578125 0.0171875 0.017578125
0 0.490625 0.6484375 0.015625 0.01953125
0 0.46484375 0.650390625 0.0203125 0.0234375
0 0.41875 0.646484375 0.021875 0.03515625
0 0.43671875 0.630859375 0.0171875 0.01953125
0 0.478125 0.6279296875 0.0125 0.017578125
0 0.45859375 0.61328125 0.0171875 0.01953125
0 0.40625 0.6064453125 0.0375 0.025390625
0 0.38359375 0.6240234375 0.0203125 0.029296875
