0 0.41875 0.5634765625 0.009375 0.009765625
0 0.446875 0.5615234375 0.009375 0.009765625
0 0.46953125 0.5615234375 0.0078125 0.009765625
0 0.46171875 0.5439453125 0.0078125 0.009765625
0 0.44609375 0.544921875 0.0109375 0.015625
0 0.42890625 0.5341796875 0.0078125 0.009765625
0 0.41640625 0.5458984375 0.0140625 0.021484375
0 0.45390625 0.533203125 0.0109375 0.01171875
0 0.4421875 0.5244140625 0.009375 0.013671875
0 0.40859375 0.5224609375 0.0203125 0.013671875
0 0.3953125 0.5283203125 0.0125 0.021484375
0 0.30390625 0.6318359375 0.0078125 0.009765625
0 0.25859375 0.6630859375 0.0140625 0.009765625
0 0.25078125 0.642578125 0.0140625 0.01171875
0 0.24765625 0.6318359375 0.0140625 0.009765625
0 0.2859375 0.734375 0.0125 0.01171875
0 0.28359375 0.7353515625 0.0140625 0.009765625
