0 0.165625 0.8349609375 0.025 0.017578125
0 0.15703125 0.796875 0.0203125 0.01171875
0 0.15625 0.7900390625 0.021875 0.009765625
0 0.15390625 0.7841796875 0.0203125 0.009765625
0 0.15234375 0.7763671875 0.0203125 0.009765625
0 0.24140625 0.7744140625 0.0109375 0.017578125
0 0.41953125 0.654296875 0.0171875 0.01953125
0 0.46171875 0.6513671875 0.0171875 0.017578125
0 0.49765625 0.650390625 0.0171875 0.01953125
0 0.48359375 0.6240234375 0.0140625 0.017578125
0 0.46015625 0.626953125 0.0203125 0.0234375
0 0.4171875 0.6240234375 0.021875 0.033203125
0 0.43359375 0.6083984375 0.0140625 0.017578125
0 0.471875 0.6044921875 0.0125 0.017578125
0 0.453125 0.5927734375 0.015625 0.017578125
0 0.40546875 0.5869140625 0.0328125 0.025390625
0 0.38515625 0.6044921875 0.0203125 0.029296875
0 0.196875 0.9755859375 0.025 0.017578125
