0 0.41953125 0.5732421875 0.0109375 0.013671875
0 0.4484375 0.5712890625 0.009375 0.009765625
0 0.47421875 0.5712890625 0.0109375 0.009765625
0 0.4640625 0.552734375 0.009375 0.01171875
0 0.446875 0.5546875 0.0125 0.015625
0 0.4296875 0.5439453125 0.009375 0.009765625
0 0.4171875 0.5546875 0.015625 0.0234375
0 0.45625 0.541015625 0.009375 0.01171875
0 0.44375 0.533203125 0.009375 0.01171875
0 0.4078125 0.529296875 0.021875 0.015625
0 0.39375 0.5400390625 0.0125 0.021484375
0 0.296875 0.6474609375 0.00625 0.009765625
0 0.2484375 0.681640625 0.015625 0.01171875
0 0.24140625 0.66015625 0.0140625 0.0078125
0 0.23984375 0.654296875 0.0140625 0.0078125
0 0.2375 0.6474609375 0.0125 0.009765625
0 0.2765625 0.7607421875 0.015625 0.009765625
