0 0.41875 0.6220703125 0.015625 0.017578125
0 0.45546875 0.6201171875 0.0140625 0.013671875
0 0.4875 0.6181640625 0.015625 0.017578125
0 0.475 0.5947265625 0.0125 0.017578125
0 0.4546875 0.5986328125 0.015625 0.021484375
0 0.41640625 0.5966796875 0.0203125 0.033203125
0 0.43203125 0.5830078125 0.0140625 0.017578125
0 0.46484375 0.580078125 0.0140625 0.01953125
0 0.44921875 0.5673828125 0.0140625 0.017578125
0 0.40390625 0.5634765625 0.0265625 0.025390625
0 0.38671875 0.5771484375 0.0171875 0.029296875
0 0.26015625 0.724609375 0.0109375 0.01171875
0 0.19609375 0.775390625 0.0171875 0.01171875
0 0.1875 0.7451171875 0.01875 0.009765625
0 0.1859375 0.7392578125 0.01875 0.009765625
0 0.18359375 0.732421875 0.0171875 0.0078125
0 0.1828125 0.724609375 0.01875 0.0078125
0 0.22578125 0.888671875 0.0234375 0.015625
