0 0.15859375 0.8515625 0.0203125 0.015625
0 0.15 0.8134765625 0.025 0.013671875
0 0.15 0.8046875 0.021875 0.01171875
0 0.14609375 0.798828125 0.0203125 0.0078125
0 0.14453125 0.7890625 0.0234375 0.01171875
0 0.23671875 0.7861328125 0.0109375 0.017578125
0 0.42109375 0.6630859375 0.0171875 0.021484375
0 0.46328125 0.66015625 0.0171875 0.01953125
0 0.50078125 0.6591796875 0.0171875 0.017578125
0 0.4859375 0.630859375 0.015625 0.01953125
0 0.46171875 0.6337890625 0.0203125 0.021484375
0 0.41796875 0.6318359375 0.0203125 0.033203125
0 0.43515625 0.615234375 0.0140625 0.01953125
0 0.4734375 0.6123046875 0.0125 0.017578125
0 0.4546875 0.5986328125 0.015625 0.017578125
0 0.40625 0.5927734375 0.034375 0.025390625
0 0.38515625 0.6103515625 0.0203125 0.029296875
