0 0.43671875 0.8076171875 0.0234375 0.029296875
0 0.5015625 0.802734375 0.021875 0.03125
0 0.55859375 0.7998046875 0.0234375 0.029296875
0 0.53359375 0.7509765625 0.0203125 0.025390625
0 0.49609375 0.7587890625 0.0265625 0.037109375
0 0.43125 0.75390625 0.0375 0.0546875
0 0.45703125 0.724609375 0.0203125 0.02734375
0 0.51484375 0.7197265625 0.0234375 0.029296875
0 0.48515625 0.697265625 0.0234375 0.02734375
0 0.41171875 0.6904296875 0.0546875 0.037109375
0 0.38203125 0.7158203125 0.0296875 0.044921875
