0 0.42578125 0.708984375 0.0203125 0.0234375
0 0.47421875 0.7041015625 0.0171875 0.021484375
0 0.5171875 0.705078125 0.01875 0.0234375
0 0.50078125 0.6689453125 0.0171875 0.021484375
0 0.47265625 0.67578125 0.0203125 0.02734375
0 0.42265625 0.673828125 0.0265625 0.0390625
0 0.4421875 0.6513671875 0.01875 0.021484375
0 0.4859375 0.6474609375 0.01875 0.021484375
0 0.4640625 0.6318359375 0.01875 0.021484375
0 0.4078125 0.625 0.040625 0.02734375
0 0.38359375 0.64453125 0.0234375 0.03125
0 0.10390625 0.9541015625 0.0296875 0.021484375
0 0.20390625 0.8671875 0.0140625 0.01953125
0 0.09609375 0.90234375 0.0296875 0.015625
0 0.09453125 0.890625 0.0296875 0.015625
0 0.09375 0.8818359375 0.028125 0.013671875
0 0.0921875 0.875 0.028125 0.015625
