0 0.42734375 0.7294921875 0.0171875 0.025390625
0 0.48046875 0.7275390625 0.0171875 0.021484375
0 0.5265625 0.7294921875 0.021875 0.029296875
0 0.509375 0.6865234375 0.01875 0.021484375
0 0.4796875 0.6923828125 0.021875 0.029296875
0 0.425 0.689453125 0.025 0.0390625
0 0.44609375 0.666015625 0.0171875 0.0234375
0 0.4921875 0.6640625 0.01875 0.0234375
0 0.46953125 0.646484375 0.0203125 0.0234375
0 0.40703125 0.638671875 0.0453125 0.02734375
0 0.38359375 0.658203125 0.0234375 0.03125
0 0.1875 0.904296875 0.015625 0.01953125
0 0.06953125 0.947265625 0.0296875 0.015625
0 0.06953125 0.9345703125 0.0296875 0.013671875
0 0.06796875 0.9248046875 0.0296875 0.017578125
0 0.0640625 0.9130859375 0.028125 0.013671875
