0 0.41875 0.572265625 0.009375 0.01171875
0 0.4484375 0.5693359375 0.009375 0.009765625
0 0.4734375 0.5693359375 0.009375 0.009765625
0 0.4640625 0.552734375 0.009375 0.01171875
0 0.446875 0.5546875 0.0125 0.015625
0 0.428125 0.5419921875 0.009375 0.009765625
0 0.41640625 0.5537109375 0.0140625 0.021484375
0 0.45625 0.541015625 0.009375 0.01171875
0 0.44375 0.53125 0.009375 0.01171875
0 0.40859375 0.52734375 0.0203125 0.015625
0 0.39453125 0.5380859375 0.0140625 0.021484375
0 0.29765625 0.64453125 0.0078125 0.01171875
0 0.25078125 0.677734375 0.0140625 0.01171875
0 0.24296875 0.658203125 0.0140625 0.0078125
0 0.24140625 0.650390625 0.0140625 0.0078125
0 0.2390625 0.6435546875 0.0125 0.009765625
0 0.278125 0.7548828125 0.015625 0.009765625
