0 0.42578125 0.7099609375 0.0203125 0.025390625
0 0.47578125 0.7060546875 0.0171875 0.021484375
0 0.51875 0.70703125 0.01875 0.0234375
0 0.5015625 0.6708984375 0.015625 0.021484375
0 0.47265625 0.6767578125 0.0203125 0.029296875
0 0.42265625 0.6748046875 0.0265625 0.041015625
0 0.4421875 0.6533203125 0.01875 0.021484375
0 0.48671875 0.6494140625 0.0171875 0.021484375
0 0.465625 0.6328125 0.01875 0.0234375
0 0.4078125 0.626953125 0.040625 0.02734375
0 0.38359375 0.6455078125 0.0234375 0.033203125
0 0.1015625 0.9599609375 0.03125 0.021484375
0 0.20234375 0.87109375 0.0140625 0.01953125
0 0.09375 0.90625 0.03125 0.015625
0 0.09140625 0.8935546875 0.0296875 0.013671875
0 0.09140625 0.8857421875 0.0296875 0.013671875
0 0.0890625 0.8779296875 0.028125 0.013671875
