0 0.4171875 0.609375 0.0125 0.015625
0 0.45234375 0.60546875 0.0140625 0.01171875
0 0.4828125 0.6044921875 0.0125 0.013671875
0 0.471875 0.5830078125 0.009375 0.009765625
0 0.45078125 0.5859375 0.0140625 0.01953125
0 0.41484375 0.5830078125 0.0171875 0.025390625
0 0.4296875 0.5703125 0.009375 0.01171875
0 0.46171875 0.5693359375 0.0109375 0.013671875
0 0.44609375 0.5576171875 0.0109375 0.013671875
0 0.40390625 0.552734375 0.0265625 0.01953125
0 0.3875 0.56640625 0.015625 0.0234375
0 0.26953125 0.701171875 0.0078125 0.01171875
0 0.21015625 0.7490234375 0.0171875 0.009765625
0 0.20234375 0.7177734375 0.0140625 0.009765625
0 0.2015625 0.7119140625 0.015625 0.009765625
0 0.1984375 0.7041015625 0.015625 0.009765625
0 0.2375 0.8515625 0.021875 0.015625
