0 0.15 0.8662109375 0.021875 0.017578125
0 0.1421875 0.8251953125 0.025 0.013671875
0 0.14140625 0.818359375 0.0234375 0.01171875
0 0.13828125 0.810546875 0.0203125 0.0078125
0 0.1359375 0.802734375 0.025 0.01171875
0 0.23046875 0.798828125 0.0109375 0.015625
0 0.421875 0.669921875 0.01875 0.01953125
0 0.46484375 0.6669921875 0.0171875 0.017578125
0 0.50390625 0.666015625 0.0171875 0.01953125
0 0.48828125 0.6376953125 0.0140625 0.017578125
0 0.46328125 0.640625 0.0203125 0.0234375
0 0.41875 0.6376953125 0.021875 0.033203125
0 0.4359375 0.62109375 0.015625 0.01953125
0 0.47578125 0.6181640625 0.0140625 0.017578125
0 0.45625 0.6044921875 0.015625 0.017578125
0 0.40625 0.5986328125 0.034375 0.025390625
0 0.384375 0.6162109375 0.01875 0.029296875
