0 0.4234375 0.693359375 0.01875 0.0234375
0 0.46953125 0.6884765625 0.0171875 0.021484375
0 0.5109375 0.689453125 0.01875 0.0234375
0 0.4953125 0.65625 0.015625 0.01953125
0 0.46796875 0.6611328125 0.0203125 0.025390625
0 0.41953125 0.658203125 0.0265625 0.0390625
0 0.43984375 0.6396484375 0.0171875 0.021484375
0 0.48125 0.6357421875 0.015625 0.021484375
0 0.46015625 0.62109375 0.0171875 0.01953125
0 0.40546875 0.6142578125 0.0390625 0.025390625
0 0.384375 0.6328125 0.021875 0.03125
0 0.12578125 0.9130859375 0.0234375 0.017578125
0 0.215625 0.8369140625 0.009375 0.013671875
0 0.115625 0.869140625 0.025 0.015625
0 0.1140625 0.8583984375 0.028125 0.013671875
0 0.1140625 0.8505859375 0.025 0.013671875
0 0.11328125 0.8427734375 0.0265625 0.013671875
