0 0.4171875 0.60546875 0.0125 0.015625
0 0.4515625 0.6015625 0.0125 0.01171875
0 0.48125 0.6005859375 0.0125 0.013671875
0 0.4703125 0.5791015625 0.009375 0.009765625
0 0.45 0.58203125 0.0125 0.01953125
0 0.41484375 0.580078125 0.0171875 0.02734375
0 0.428125 0.5673828125 0.009375 0.013671875
0 0.46015625 0.5654296875 0.0109375 0.013671875
0 0.4453125 0.5546875 0.0125 0.01171875
0 0.40390625 0.5498046875 0.0265625 0.017578125
0 0.3890625 0.5634765625 0.015625 0.021484375
0 0.27265625 0.6953125 0.0078125 0.01171875
0 0.21328125 0.7412109375 0.0171875 0.009765625
0 0.20546875 0.7119140625 0.0140625 0.009765625
0 0.2046875 0.705078125 0.015625 0.0078125
0 0.2015625 0.6982421875 0.015625 0.009765625
0 0.24296875 0.837890625 0.0203125 0.015625
