0 0.425 0.69921875 0.01875 0.0234375
0 0.47109375 0.6943359375 0.0171875 0.021484375
0 0.5125 0.693359375 0.01875 0.0234375
0 0.496875 0.66015625 0.015625 0.01953125
0 0.46953125 0.666015625 0.0203125 0.02734375
0 0.42109375 0.6630859375 0.0265625 0.037109375
0 0.43984375 0.6435546875 0.0171875 0.021484375
0 0.48359375 0.6396484375 0.0171875 0.021484375
0 0.46171875 0.6240234375 0.0171875 0.021484375
0 0.40703125 0.6171875 0.0390625 0.02734375
0 0.384375 0.63671875 0.021875 0.03125
0 0.11796875 0.92578125 0.0265625 0.01953125
0 0.21171875 0.8466796875 0.0140625 0.017578125
0 0.109375 0.880859375 0.025 0.015625
0 0.10703125 0.8701171875 0.0296875 0.013671875
0 0.10703125 0.861328125 0.0265625 0.01171875
0 0.10546875 0.8544921875 0.0265625 0.013671875
