0 0.446875 0.9658203125 0.028125 0.044921875
0 0.53828125 0.9580078125 0.0265625 0.037109375
0 0.61640625 0.955078125 0.0328125 0.04296875
0 0.57890625 0.87890625 0.0265625 0.0390625
0 0.53046875 0.8896484375 0.0296875 0.052734375
0 0.4421875 0.8876953125 0.0375 0.068359375
0 0.47109375 0.83984375 0.0265625 0.03515625
0 0.55078125 0.8310546875 0.0265625 0.037109375
0 0.51171875 0.7958984375 0.0296875 0.037109375
0 0.4140625 0.7861328125 0.065625 0.044921875
0 0.37578125 0.826171875 0.0328125 0.0546875
