0 0.434375 0.775390625 0.021875 0.02734375
0 0.49453125 0.76953125 0.0203125 0.02734375
0 0.54765625 0.7666015625 0.0203125 0.025390625
0 0.52421875 0.7236328125 0.0171875 0.025390625
0 0.49140625 0.7275390625 0.0234375 0.033203125
0 0.43125 0.7265625 0.028125 0.046875
0 0.45234375 0.69921875 0.0203125 0.02734375
0 0.50703125 0.693359375 0.0171875 0.0234375
0 0.48046875 0.673828125 0.0171875 0.01953125
0 0.409375 0.6669921875 0.046875 0.029296875
0 0.384375 0.69140625 0.025 0.0390625
0 0.153125 0.986328125 0.01875 0.02734375
