0 0.41875 0.5703125 0.009375 0.01171875
0 0.4484375 0.5673828125 0.009375 0.009765625
0 0.4734375 0.5673828125 0.009375 0.009765625
0 0.4640625 0.55078125 0.009375 0.01171875
0 0.446875 0.552734375 0.0125 0.015625
0 0.428125 0.541015625 0.009375 0.01171875
0 0.41640625 0.5517578125 0.0140625 0.021484375
0 0.45625 0.5390625 0.009375 0.01171875
0 0.44375 0.529296875 0.009375 0.01171875
0 0.40859375 0.52734375 0.0203125 0.015625
0 0.39453125 0.537109375 0.0140625 0.01953125
0 0.29921875 0.6435546875 0.0078125 0.009765625
0 0.25234375 0.67578125 0.0140625 0.01171875
0 0.24453125 0.65625 0.0140625 0.0078125
0 0.24296875 0.6484375 0.0140625 0.0078125
0 0.240625 0.6416015625 0.0125 0.009765625
0 0.27890625 0.7509765625 0.0140625 0.009765625
