0 0.2671875 0.6455078125 0.0125 0.009765625
0 0.2609375 0.6279296875 0.0125 0.009765625
0 0.2578125 0.619140625 0.0125 0.0078125
0 0.309375 0.6162109375 0.00625 0.009765625
0 0.4171875 0.5546875 0.009375 0.01171875
0 0.44375 0.552734375 0.00625 0.0078125
0 0.46484375 0.552734375 0.0078125 0.0078125
0 0.4578125 0.5380859375 0.00625 0.009765625
0 0.4421875 0.5390625 0.009375 0.01171875
0 0.415625 0.5361328125 0.0125 0.017578125
0 0.4265625 0.5283203125 0.009375 0.009765625
0 0.45 0.5263671875 0.009375 0.009765625
0 0.4390625 0.51953125 0.009375 0.01171875
0 0.4078125 0.5166015625 0.01875 0.013671875
0 0.3953125 0.5234375 0.0125 0.01953125
0 0.29296875 0.7109375 0.0140625 0.0078125
