0 0.159375 0.845703125 0.021875 0.015625
0 0.1515625 0.80859375 0.021875 0.01171875
0 0.15078125 0.80078125 0.0234375 0.01171875
0 0.14765625 0.79296875 0.0203125 0.0078125
0 0.146875 0.7861328125 0.021875 0.009765625
0 0.2375 0.78125 0.0125 0.015625
0 0.4203125 0.66015625 0.01875 0.01953125
0 0.46171875 0.6572265625 0.0171875 0.017578125
0 0.49921875 0.65625 0.0171875 0.01953125
0 0.48515625 0.62890625 0.0140625 0.01953125
0 0.4609375 0.6318359375 0.01875 0.021484375
0 0.41796875 0.6298828125 0.0203125 0.033203125
0 0.434375 0.61328125 0.015625 0.01953125
0 0.47265625 0.6103515625 0.0140625 0.017578125
0 0.4546875 0.5966796875 0.015625 0.017578125
0 0.40546875 0.5908203125 0.0328125 0.025390625
0 0.38515625 0.6083984375 0.0203125 0.029296875
