0 0.4265625 0.712890625 0.021875 0.02734375
0 0.4765625 0.712890625 0.01875 0.0234375
0 0.51875 0.7109375 0.01875 0.0234375
0 0.503125 0.6728515625 0.01875 0.021484375
0 0.475 0.6796875 0.021875 0.03125
0 0.425 0.6767578125 0.028125 0.037109375
0 0.44375 0.654296875 0.01875 0.0234375
0 0.48671875 0.6513671875 0.0171875 0.021484375
0 0.465625 0.634765625 0.01875 0.0234375
0 0.40625 0.630859375 0.04375 0.03515625
0 0.384375 0.6484375 0.025 0.0390625
0 0.19921875 0.876953125 0.0140625 0.01953125
0 0.0890625 0.9130859375 0.028125 0.013671875
0 0.0890625 0.9013671875 0.028125 0.013671875
0 0.0859375 0.8916015625 0.01875 0.013671875
0 0.084375 0.8818359375 0.028125 0.013671875
0 0.09765625 0.966796875 0.0296875 0.01953125
