0 0.41953125 0.580078125 0.0109375 0.01171875
0 0.45 0.5771484375 0.009375 0.009765625
0 0.47734375 0.5771484375 0.0109375 0.009765625
0 0.4671875 0.560546875 0.009375 0.01171875
0 0.4484375 0.5625 0.0125 0.015625
0 0.4296875 0.5498046875 0.009375 0.009765625
0 0.41796875 0.5615234375 0.0140625 0.021484375
0 0.4578125 0.548828125 0.009375 0.01171875
0 0.44453125 0.537109375 0.0078125 0.01171875
0 0.4078125 0.53515625 0.021875 0.015625
0 0.39296875 0.5458984375 0.0140625 0.021484375
0 0.29140625 0.658203125 0.0078125 0.01171875
0 0.2421875 0.6943359375 0.015625 0.009765625
0 0.234375 0.671875 0.015625 0.0078125
0 0.23359375 0.666015625 0.0140625 0.0078125
0 0.23046875 0.658203125 0.0140625 0.0078125
0 0.26953125 0.77734375 0.0171875 0.01171875
