0 0.42734375 0.724609375 0.0203125 0.02734375
0 0.47890625 0.7216796875 0.0171875 0.021484375
0 0.525 0.71875 0.01875 0.01953125
0 0.50625 0.6806640625 0.01875 0.021484375
0 0.4765625 0.6875 0.021875 0.03125
0 0.42421875 0.6845703125 0.0265625 0.037109375
0 0.44609375 0.662109375 0.0171875 0.0234375
0 0.490625 0.6591796875 0.01875 0.021484375
0 0.46796875 0.642578125 0.0203125 0.0234375
0 0.40703125 0.634765625 0.0453125 0.02734375
0 0.38515625 0.6552734375 0.0203125 0.037109375
0 0.19140625 0.8935546875 0.0171875 0.021484375
0 0.08359375 0.986328125 0.0296875 0.01953125
0 0.0765625 0.935546875 0.028125 0.015625
0 0.0765625 0.9228515625 0.028125 0.013671875
0 0.075 0.9140625 0.028125 0.015625
0 0.07109375 0.90234375 0.0296875 0.015625
