0 0.4234375 0.6904296875 0.01875 0.021484375
0 0.46796875 0.6865234375 0.0171875 0.021484375
0 0.509375 0.685546875 0.01875 0.0234375
0 0.49453125 0.6533203125 0.0140625 0.021484375
0 0.46796875 0.658203125 0.0203125 0.02734375
0 0.41953125 0.6552734375 0.0265625 0.037109375
0 0.43828125 0.6357421875 0.0171875 0.021484375
0 0.48125 0.6328125 0.015625 0.01953125
0 0.46015625 0.6181640625 0.0171875 0.017578125
0 0.40546875 0.6123046875 0.0390625 0.025390625
0 0.384375 0.6298828125 0.021875 0.029296875
0 0.1265625 0.908203125 0.025 0.015625
0 0.21875 0.83203125 0.0125 0.01953125
0 0.11953125 0.86328125 0.0234375 0.015625
0 0.1171875 0.8544921875 0.028125 0.013671875
0 0.1171875 0.845703125 0.025 0.01171875
0 0.11640625 0.8388671875 0.0265625 0.013671875
