0 0.42421875 0.697265625 0.0171875 0.0234375
0 0.47109375 0.6923828125 0.0171875 0.021484375
0 0.5125 0.69140625 0.01875 0.0234375
0 0.496875 0.658203125 0.015625 0.01953125
0 0.46953125 0.6640625 0.0203125 0.02734375
0 0.42109375 0.6611328125 0.0265625 0.037109375
0 0.43984375 0.6416015625 0.0171875 0.021484375
0 0.48203125 0.638671875 0.0171875 0.01953125
0 0.4609375 0.623046875 0.01875 0.01953125
0 0.40625 0.6162109375 0.040625 0.025390625
0 0.384375 0.634765625 0.021875 0.03125
0 0.12109375 0.9228515625 0.0265625 0.017578125
0 0.2140625 0.8427734375 0.0125 0.017578125
0 0.1109375 0.876953125 0.025 0.015625
0 0.109375 0.8662109375 0.028125 0.013671875
0 0.11015625 0.857421875 0.0265625 0.01171875
0 0.10859375 0.8505859375 0.0265625 0.013671875
