0 0.425 0.7021484375 0.01875 0.025390625
0 0.47265625 0.6982421875 0.0171875 0.021484375
0 0.5140625 0.697265625 0.01875 0.0234375
0 0.4984375 0.6630859375 0.015625 0.021484375
0 0.47109375 0.6689453125 0.0203125 0.025390625
0 0.42109375 0.666015625 0.0265625 0.0390625
0 0.440625 0.6455078125 0.01875 0.021484375
0 0.48359375 0.642578125 0.0171875 0.01953125
0 0.4625 0.626953125 0.01875 0.01953125
0 0.40703125 0.6201171875 0.0390625 0.025390625
0 0.384375 0.638671875 0.021875 0.03125
0 0.1140625 0.935546875 0.028125 0.015625
0 0.209375 0.8525390625 0.015625 0.017578125
0 0.1046875 0.88671875 0.028125 0.015625
0 0.103125 0.8759765625 0.028125 0.013671875
0 0.103125 0.8681640625 0.028125 0.013671875
0 0.1015625 0.8603515625 0.028125 0.013671875
