0 0.42734375 0.7353515625 0.0171875 0.025390625
0 0.48203125 0.73046875 0.0203125 0.0234375
0 0.528125 0.7294921875 0.021875 0.025390625
0 0.509375 0.6884765625 0.01875 0.021484375
0 0.47890625 0.6953125 0.0234375 0.03125
0 0.4265625 0.69140625 0.025 0.0390625
0 0.4453125 0.66796875 0.015625 0.0234375
0 0.49375 0.666015625 0.01875 0.0234375
0 0.471875 0.646484375 0.015625 0.0234375
0 0.4078125 0.640625 0.046875 0.02734375
0 0.38515625 0.6591796875 0.0203125 0.033203125
0 0.18359375 0.9091796875 0.0171875 0.021484375
0 0.06640625 0.9521484375 0.0296875 0.017578125
0 0.06640625 0.9404296875 0.0296875 0.013671875
0 0.06484375 0.9296875 0.0296875 0.015625
0 0.0609375 0.91796875 0.028125 0.015625
