0 0.159375 0.84765625 0.021875 0.015625
0 0.1515625 0.8095703125 0.025 0.013671875
0 0.1515625 0.802734375 0.021875 0.01171875
0 0.14765625 0.794921875 0.0203125 0.0078125
0 0.14609375 0.78515625 0.0234375 0.01171875
0 0.23671875 0.7841796875 0.0109375 0.013671875
0 0.42109375 0.6611328125 0.0171875 0.021484375
0 0.46328125 0.658203125 0.0171875 0.01953125
0 0.50078125 0.6572265625 0.0171875 0.017578125
0 0.4859375 0.6298828125 0.015625 0.017578125
0 0.4609375 0.6328125 0.01875 0.0234375
0 0.41796875 0.6298828125 0.0203125 0.033203125
0 0.43515625 0.6142578125 0.0140625 0.017578125
0 0.4734375 0.6103515625 0.0125 0.017578125
0 0.4546875 0.5986328125 0.015625 0.017578125
0 0.40546875 0.5927734375 0.0328125 0.025390625
0 0.38515625 0.6083984375 0.0203125 0.029296875
