0 0.425 0.701171875 0.01875 0.0234375
0 0.47109375 0.6962890625 0.0171875 0.021484375
0 0.5140625 0.6953125 0.01875 0.0234375
0 0.4984375 0.662109375 0.015625 0.01953125
0 0.46953125 0.6669921875 0.0203125 0.025390625
0 0.42109375 0.6650390625 0.0265625 0.037109375
0 0.440625 0.64453125 0.01875 0.0234375
0 0.48359375 0.6416015625 0.0171875 0.021484375
0 0.4625 0.6259765625 0.01875 0.021484375
0 0.40703125 0.619140625 0.0390625 0.02734375
0 0.384375 0.6376953125 0.021875 0.033203125
0 0.11640625 0.9296875 0.0265625 0.015625
0 0.2109375 0.8505859375 0.0125 0.017578125
0 0.10703125 0.8828125 0.0265625 0.015625
0 0.1046875 0.873046875 0.028125 0.01171875
0 0.1046875 0.865234375 0.028125 0.01171875
0 0.10390625 0.857421875 0.0265625 0.01171875
