0 0.2703125 0.6416015625 0.0125 0.009765625
0 0.2640625 0.6220703125 0.0125 0.009765625
0 0.2609375 0.6142578125 0.0125 0.009765625
0 0.3109375 0.6123046875 0.00625 0.009765625
0 0.415625 0.5517578125 0.009375 0.009765625
0 0.4421875 0.548828125 0.00625 0.0078125
0 0.46328125 0.548828125 0.0078125 0.0078125
0 0.45625 0.5341796875 0.00625 0.009765625
0 0.440625 0.5361328125 0.009375 0.013671875
0 0.4140625 0.5341796875 0.0125 0.017578125
0 0.425 0.525390625 0.009375 0.0078125
0 0.4484375 0.5244140625 0.009375 0.009765625
0 0.4375 0.5166015625 0.009375 0.009765625
0 0.40625 0.5146484375 0.01875 0.013671875
0 0.39453125 0.521484375 0.0109375 0.01953125
0 0.2953125 0.7021484375 0.0125 0.009765625
