0 0.41953125 0.6337890625 0.0171875 0.017578125
0 0.45859375 0.630859375 0.0140625 0.015625
0 0.490625 0.6298828125 0.015625 0.017578125
0 0.478125 0.60546875 0.0125 0.01953125
0 0.45703125 0.609375 0.0171875 0.0234375
0 0.4171875 0.6064453125 0.021875 0.033203125
0 0.43359375 0.5927734375 0.0140625 0.017578125
0 0.46796875 0.58984375 0.0140625 0.01953125
0 0.4515625 0.5771484375 0.015625 0.017578125
0 0.4046875 0.5732421875 0.028125 0.025390625
0 0.3859375 0.5869140625 0.01875 0.029296875
0 0.25390625 0.7412109375 0.0109375 0.013671875
0 0.18671875 0.794921875 0.0171875 0.01171875
0 0.178125 0.7626953125 0.01875 0.009765625
0 0.1765625 0.7568359375 0.01875 0.009765625
0 0.17421875 0.75 0.0171875 0.0078125
0 0.1734375 0.7392578125 0.01875 0.009765625
0 0.21796875 0.919921875 0.0234375 0.015625
