0 0.43515625 0.7978515625 0.0234375 0.029296875
0 0.4984375 0.7939453125 0.021875 0.029296875
0 0.55546875 0.7900390625 0.0234375 0.029296875
0 0.53203125 0.7431640625 0.0203125 0.025390625
0 0.49453125 0.75 0.0265625 0.03515625
0 0.43046875 0.7470703125 0.0359375 0.052734375
0 0.45546875 0.7177734375 0.0203125 0.029296875
0 0.5125 0.712890625 0.021875 0.02734375
0 0.48359375 0.6904296875 0.0234375 0.029296875
0 0.41171875 0.6845703125 0.0546875 0.037109375
0 0.3828125 0.708984375 0.028125 0.04296875
