0 0.43515625 0.7939453125 0.0234375 0.029296875
0 0.496875 0.7880859375 0.021875 0.029296875
0 0.55390625 0.7861328125 0.0234375 0.029296875
0 0.53046875 0.7392578125 0.0203125 0.025390625
0 0.49296875 0.74609375 0.0265625 0.03515625
0 0.43046875 0.7431640625 0.0359375 0.052734375
0 0.45546875 0.7138671875 0.0203125 0.029296875
0 0.5109375 0.708984375 0.021875 0.02734375
0 0.4828125 0.6875 0.021875 0.02734375
0 0.4109375 0.681640625 0.053125 0.0390625
0 0.3828125 0.705078125 0.028125 0.04296875
