0 0.17265625 0.8251953125 0.0234375 0.017578125
0 0.16328125 0.787109375 0.0203125 0.01171875
0 0.16328125 0.7802734375 0.0203125 0.009765625
0 0.16015625 0.7744140625 0.0203125 0.009765625
0 0.15859375 0.7666015625 0.0203125 0.009765625
0 0.2453125 0.7626953125 0.009375 0.017578125
0 0.41953125 0.6484375 0.0171875 0.01953125
0 0.46015625 0.6455078125 0.0171875 0.017578125
0 0.49609375 0.64453125 0.0171875 0.01953125
0 0.48203125 0.6181640625 0.0140625 0.017578125
0 0.45859375 0.6201171875 0.0203125 0.021484375
0 0.4171875 0.619140625 0.021875 0.03125
0 0.43359375 0.6044921875 0.0140625 0.017578125
0 0.4703125 0.6005859375 0.0125 0.017578125
0 0.45234375 0.5888671875 0.0140625 0.017578125
0 0.40546875 0.5830078125 0.0328125 0.025390625
0 0.3859375 0.5986328125 0.01875 0.029296875
0 0.20546875 0.9619140625 0.0234375 0.017578125
