0 0.275 0.6044921875 0.0125 0.009765625
0 0.2734375 0.5966796875 0.0125 0.009765625
0 0.28125 0.62109375 0.0125 0.0078125
0 0.31796875 0.595703125 0.0046875 0.0078125
0 0.4140625 0.5400390625 0.009375 0.009765625
0 0.43828125 0.5380859375 0.0078125 0.009765625
0 0.45859375 0.5380859375 0.0078125 0.009765625
0 0.45234375 0.525390625 0.0078125 0.0078125
0 0.4375 0.525390625 0.009375 0.01171875
0 0.42265625 0.5166015625 0.0078125 0.009765625
0 0.4125 0.5244140625 0.0125 0.017578125
0 0.44453125 0.5146484375 0.0078125 0.009765625
0 0.43515625 0.5078125 0.0078125 0.01171875
0 0.40703125 0.5068359375 0.0171875 0.013671875
0 0.3953125 0.5126953125 0.009375 0.017578125
0 0.30390625 0.677734375 0.0109375 0.0078125
