0 0.41875 0.5859375 0.009375 0.01171875
0 0.45 0.5830078125 0.009375 0.009765625
0 0.47734375 0.5830078125 0.0109375 0.009765625
0 0.4671875 0.564453125 0.009375 0.01171875
0 0.4484375 0.56640625 0.0125 0.015625
0 0.4296875 0.552734375 0.009375 0.01171875
0 0.4171875 0.564453125 0.015625 0.0234375
0 0.4578125 0.5517578125 0.009375 0.013671875
0 0.4453125 0.5419921875 0.009375 0.013671875
0 0.40703125 0.5380859375 0.0234375 0.017578125
0 0.39140625 0.5478515625 0.0140625 0.021484375
0 0.28828125 0.6669921875 0.0078125 0.009765625
0 0.2359375 0.705078125 0.015625 0.01171875
0 0.22734375 0.6806640625 0.0140625 0.009765625
0 0.22578125 0.6728515625 0.0140625 0.005859375
0 0.2234375 0.666015625 0.015625 0.0078125
0 0.26328125 0.7900390625 0.0171875 0.013671875
