0 0.2734375 0.6357421875 0.0125 0.009765625
0 0.2671875 0.6162109375 0.0125 0.009765625
0 0.26328125 0.6083984375 0.0109375 0.009765625
0 0.3125 0.607421875 0.00625 0.0078125
0 0.41484375 0.548828125 0.0078125 0.0078125
0 0.440625 0.546875 0.00625 0.0078125
0 0.46171875 0.546875 0.0078125 0.0078125
0 0.4546875 0.5322265625 0.00625 0.009765625
0 0.440625 0.5341796875 0.009375 0.013671875
0 0.4140625 0.5322265625 0.0125 0.017578125
0 0.4234375 0.5234375 0.009375 0.0078125
0 0.446875 0.5224609375 0.009375 0.009765625
0 0.43671875 0.5146484375 0.0078125 0.009765625
0 0.40625 0.5126953125 0.01875 0.013671875
0 0.39453125 0.51953125 0.0109375 0.01953125
0 0.2984375 0.6943359375 0.0125 0.009765625
