0 0.41953125 0.6328125 0.0171875 0.01953125
0 0.45703125 0.6298828125 0.0140625 0.017578125
0 0.490625 0.62890625 0.015625 0.01953125
0 0.47734375 0.603515625 0.0140625 0.01953125
0 0.45703125 0.607421875 0.0171875 0.0234375
0 0.4171875 0.6044921875 0.021875 0.033203125
0 0.43359375 0.5908203125 0.0140625 0.017578125
0 0.46640625 0.587890625 0.0140625 0.01953125
0 0.45078125 0.5751953125 0.0140625 0.017578125
0 0.4046875 0.5712890625 0.028125 0.025390625
0 0.3859375 0.5849609375 0.01875 0.029296875
0 0.2546875 0.7392578125 0.009375 0.013671875
0 0.18671875 0.791015625 0.0171875 0.01171875
0 0.178125 0.7607421875 0.01875 0.009765625
0 0.17734375 0.7548828125 0.0203125 0.009765625
0 0.175 0.748046875 0.01875 0.0078125
0 0.1734375 0.7373046875 0.01875 0.009765625
0 0.21640625 0.9140625 0.0234375 0.015625
