0 0.41875 0.6220703125 0.015625 0.017578125
0 0.45546875 0.619140625 0.0140625 0.015625
0 0.48671875 0.6181640625 0.0140625 0.017578125
0 0.475 0.5947265625 0.0125 0.017578125
0 0.4546875 0.59765625 0.015625 0.0234375
0 0.41640625 0.5947265625 0.0203125 0.033203125
0 0.43203125 0.58203125 0.0140625 0.015625
0 0.46484375 0.5791015625 0.0140625 0.017578125
0 0.44921875 0.5673828125 0.0140625 0.017578125
0 0.40390625 0.5625 0.0265625 0.0234375
0 0.38671875 0.576171875 0.0171875 0.02734375
0 0.26015625 0.7236328125 0.0109375 0.013671875
0 0.196875 0.7734375 0.01875 0.01171875
0 0.1875 0.7431640625 0.01875 0.009765625
0 0.1875 0.7373046875 0.01875 0.009765625
0 0.18515625 0.732421875 0.0171875 0.0078125
0 0.1828125 0.7236328125 0.01875 0.009765625
0 0.2265625 0.888671875 0.021875 0.015625
