0 0.41640625 0.5986328125 0.0109375 0.013671875
0 0.45 0.5947265625 0.0125 0.013671875
0 0.4796875 0.595703125 0.0125 0.01171875
0 0.46875 0.57421875 0.009375 0.01171875
0 0.4484375 0.5771484375 0.0125 0.017578125
0 0.41484375 0.5751953125 0.0171875 0.025390625
0 0.428125 0.5634765625 0.009375 0.013671875
0 0.45859375 0.5615234375 0.0109375 0.013671875
0 0.44453125 0.55078125 0.0109375 0.01171875
0 0.40390625 0.5458984375 0.0234375 0.017578125
0 0.3890625 0.55859375 0.015625 0.01953125
0 0.27578125 0.6875 0.0078125 0.01171875
0 0.21875 0.7294921875 0.015625 0.009765625
0 0.2109375 0.7021484375 0.015625 0.009765625
0 0.21015625 0.6953125 0.0140625 0.0078125
0 0.20625 0.6884765625 0.015625 0.009765625
0 0.24765625 0.8271484375 0.0171875 0.013671875
