0 0.43125 0.755859375 0.01875 0.02734375
0 0.490625 0.7529296875 0.021875 0.025390625
0 0.53984375 0.75 0.0234375 0.01953125
0 0.51875 0.70703125 0.01875 0.0234375
0 0.48671875 0.712890625 0.0234375 0.03125
0 0.42890625 0.712890625 0.0265625 0.046875
0 0.45078125 0.685546875 0.0171875 0.0234375
0 0.5015625 0.6826171875 0.021875 0.025390625
0 0.47734375 0.6611328125 0.0171875 0.025390625
0 0.4078125 0.65625 0.046875 0.02734375
0 0.3859375 0.6767578125 0.025 0.037109375
0 0.16875 0.955078125 0.01875 0.0234375
0 0.0390625 0.986328125 0.03125 0.015625
0 0.03671875 0.9736328125 0.0328125 0.017578125
0 0.03359375 0.9609375 0.0296875 0.015625
