0 0.43125 0.7509765625 0.021875 0.029296875
0 0.4875 0.7451171875 0.021875 0.025390625
0 0.5359375 0.7451171875 0.021875 0.025390625
0 0.515625 0.701171875 0.01875 0.0234375
0 0.48359375 0.70703125 0.0234375 0.03125
0 0.428125 0.7060546875 0.03125 0.044921875
0 0.44921875 0.681640625 0.0171875 0.0234375
0 0.49921875 0.6767578125 0.0203125 0.025390625
0 0.4734375 0.6572265625 0.021875 0.025390625
0 0.4078125 0.6533203125 0.046875 0.033203125
0 0.384375 0.673828125 0.025 0.0390625
0 0.17421875 0.9404296875 0.0171875 0.025390625
0 0.0484375 0.9833984375 0.03125 0.017578125
0 0.04765625 0.970703125 0.0296875 0.015625
0 0.0453125 0.9599609375 0.03125 0.017578125
0 0.0421875 0.947265625 0.028125 0.015625
