0 0.42578125 0.70703125 0.0203125 0.0234375
0 0.47421875 0.7021484375 0.0171875 0.021484375
0 0.5171875 0.703125 0.01875 0.0234375
0 0.5 0.6669921875 0.015625 0.021484375
0 0.47109375 0.673828125 0.0203125 0.02734375
0 0.42109375 0.671875 0.0265625 0.0390625
0 0.4421875 0.6494140625 0.01875 0.021484375
0 0.4859375 0.646484375 0.01875 0.01953125
0 0.4640625 0.6298828125 0.01875 0.021484375
0 0.4078125 0.623046875 0.040625 0.02734375
0 0.38359375 0.6435546875 0.0234375 0.033203125
0 0.10625 0.9482421875 0.03125 0.021484375
0 0.20390625 0.86328125 0.0171875 0.01953125
0 0.0984375 0.8984375 0.028125 0.015625
0 0.09609375 0.8876953125 0.0296875 0.013671875
0 0.09609375 0.87890625 0.0296875 0.01171875
0 0.09375 0.8720703125 0.028125 0.013671875
