0 0.42578125 0.7080078125 0.0203125 0.025390625
0 0.47421875 0.7041015625 0.0171875 0.021484375
0 0.5171875 0.705078125 0.01875 0.0234375
0 0.50078125 0.6689453125 0.0171875 0.021484375
0 0.47265625 0.673828125 0.0203125 0.02734375
0 0.42109375 0.671875 0.0265625 0.0390625
0 0.4421875 0.6513671875 0.01875 0.021484375
0 0.4859375 0.6474609375 0.01875 0.021484375
0 0.4640625 0.630859375 0.01875 0.0234375
0 0.4078125 0.625 0.040625 0.02734375
0 0.38359375 0.6435546875 0.0234375 0.033203125
0 0.1046875 0.9501953125 0.03125 0.021484375
0 0.2046875 0.8642578125 0.015625 0.017578125
0 0.09765625 0.900390625 0.0296875 0.015625
0 0.09453125 0.8896484375 0.0296875 0.013671875
0 0.0953125 0.880859375 0.028125 0.01171875
0 0.09296875 0.8740234375 0.0265625 0.013671875
