0 0.41796875 0.6162109375 0.0140625 0.017578125
0 0.45390625 0.6142578125 0.0140625 0.013671875
0 0.4859375 0.6142578125 0.0125 0.013671875
0 0.4734375 0.58984375 0.0125 0.015625
0 0.453125 0.5927734375 0.015625 0.021484375
0 0.41796875 0.58984375 0.0140625 0.03125
0 0.43125 0.578125 0.0125 0.015625
0 0.46328125 0.5751953125 0.0140625 0.017578125
0 0.44765625 0.5634765625 0.0140625 0.017578125
0 0.40390625 0.5625 0.0265625 0.01953125
0 0.38828125 0.5712890625 0.0140625 0.025390625
0 0.2625 0.716796875 0.009375 0.01171875
0 0.20078125 0.765625 0.0171875 0.01171875
0 0.1921875 0.7353515625 0.01875 0.009765625
0 0.190625 0.7294921875 0.01875 0.009765625
0 0.18828125 0.724609375 0.0171875 0.0078125
0 0.1875 0.716796875 0.01875 0.0078125
0 0.23203125 0.8779296875 0.0171875 0.013671875
