0 0.41953125 0.5751953125 0.0109375 0.013671875
0 0.4484375 0.5732421875 0.009375 0.009765625
0 0.475 0.5732421875 0.009375 0.009765625
0 0.465625 0.5546875 0.009375 0.01171875
0 0.44765625 0.556640625 0.0109375 0.015625
0 0.4296875 0.544921875 0.009375 0.01171875
0 0.41796875 0.5556640625 0.0140625 0.021484375
0 0.45625 0.54296875 0.009375 0.01171875
0 0.44375 0.533203125 0.009375 0.01171875
0 0.4078125 0.53125 0.021875 0.015625
0 0.39375 0.541015625 0.0125 0.01953125
0 0.29609375 0.650390625 0.0078125 0.01171875
0 0.246875 0.685546875 0.015625 0.01171875
0 0.2390625 0.6640625 0.015625 0.0078125
0 0.23828125 0.658203125 0.0140625 0.0078125
0 0.23515625 0.650390625 0.0140625 0.0078125
0 0.275 0.7646484375 0.015625 0.009765625
