0 0.41640625 0.5986328125 0.0109375 0.013671875
0 0.44921875 0.5947265625 0.0140625 0.013671875
0 0.47890625 0.595703125 0.0109375 0.01171875
0 0.46875 0.57421875 0.009375 0.01171875
0 0.4484375 0.5771484375 0.0125 0.017578125
0 0.41484375 0.5751953125 0.0171875 0.025390625
0 0.428125 0.5634765625 0.009375 0.013671875
0 0.45859375 0.5615234375 0.0109375 0.013671875
0 0.44453125 0.55078125 0.0109375 0.01171875
0 0.40390625 0.5458984375 0.0234375 0.017578125
0 0.3890625 0.55859375 0.015625 0.01953125
0 0.27578125 0.685546875 0.0078125 0.01171875
0 0.2203125 0.7275390625 0.015625 0.009765625
0 0.2125 0.7001953125 0.015625 0.009765625
0 0.21171875 0.693359375 0.0140625 0.0078125
0 0.2078125 0.6865234375 0.015625 0.009765625
0 0.24921875 0.8232421875 0.0171875 0.013671875
