0 0.41640625 0.5595703125 0.0078125 0.009765625
0 0.44375 0.5556640625 0.009375 0.009765625
0 0.46796875 0.5576171875 0.0078125 0.009765625
0 0.459375 0.541015625 0.009375 0.01171875
0 0.44296875 0.5419921875 0.0109375 0.013671875
0 0.42578125 0.5322265625 0.0078125 0.009765625
0 0.41484375 0.541015625 0.0140625 0.01953125
0 0.4515625 0.5302734375 0.009375 0.013671875
0 0.440625 0.521484375 0.009375 0.01171875
0 0.4078125 0.51953125 0.01875 0.01171875
0 0.3953125 0.52734375 0.0125 0.01953125
0 0.30546875 0.623046875 0.0078125 0.01171875
0 0.26484375 0.6533203125 0.0140625 0.009765625
0 0.25703125 0.6328125 0.0140625 0.01171875
0 0.25234375 0.6220703125 0.0140625 0.009765625
0 0.2890625 0.7216796875 0.015625 0.009765625
