0 0.45859375 0.8388671875 0.0296875 0.052734375
0 0.56796875 0.8310546875 0.0390625 0.056640625
0 0.67109375 0.8232421875 0.0390625 0.052734375
0 0.61796875 0.708984375 0.0359375 0.05078125
0 0.5609375 0.7275390625 0.0375 0.064453125
0 0.44765625 0.7314453125 0.0515625 0.091796875
0 0.4859375 0.6572265625 0.028125 0.041015625
0 0.57890625 0.6474609375 0.0359375 0.048828125
0 0.5296875 0.5986328125 0.034375 0.041015625
0 0.40703125 0.5908203125 0.0796875 0.044921875
0 0.36328125 0.640625 0.0421875 0.0625
