0 0.425 0.705078125 0.01875 0.0234375
0 0.47265625 0.7001953125 0.0171875 0.021484375
0 0.515625 0.701171875 0.01875 0.0234375
0 0.49921875 0.6650390625 0.0171875 0.021484375
0 0.47109375 0.671875 0.0203125 0.02734375
0 0.42109375 0.6689453125 0.0265625 0.037109375
0 0.440625 0.6474609375 0.01875 0.021484375
0 0.48515625 0.64453125 0.0171875 0.01953125
0 0.46328125 0.6279296875 0.0171875 0.021484375
0 0.40703125 0.6220703125 0.0390625 0.025390625
0 0.38359375 0.640625 0.0234375 0.03125
0 0.109375 0.94140625 0.025 0.01953125
0 0.20703125 0.859375 0.0140625 0.01953125
0 0.1015625 0.892578125 0.028125 0.015625
0 0.09921875 0.8818359375 0.0296875 0.013671875
0 0.1 0.8740234375 0.028125 0.013671875
0 0.09765625 0.8662109375 0.0265625 0.013671875
