0 0.4171875 0.59375 0.009375 0.01171875
0 0.44921875 0.591796875 0.0109375 0.01171875
0 0.47890625 0.591796875 0.0109375 0.01171875
0 0.46796875 0.5703125 0.0109375 0.01171875
0 0.4484375 0.5732421875 0.0125 0.017578125
0 0.428125 0.55859375 0.009375 0.01171875
0 0.41484375 0.5712890625 0.0171875 0.025390625
0 0.45859375 0.5576171875 0.0109375 0.013671875
0 0.44375 0.5478515625 0.009375 0.013671875
0 0.40390625 0.5439453125 0.0265625 0.017578125
0 0.3890625 0.5537109375 0.015625 0.021484375
0 0.2796875 0.6796875 0.009375 0.01171875
0 0.22421875 0.720703125 0.0171875 0.01171875
0 0.215625 0.6962890625 0.015625 0.009765625
0 0.2140625 0.6884765625 0.015625 0.005859375
0 0.2109375 0.6806640625 0.015625 0.009765625
0 0.25234375 0.8154296875 0.0171875 0.013671875
