0 0.41875 0.56640625 0.009375 0.01171875
0 0.446875 0.5634765625 0.009375 0.009765625
0 0.471875 0.5634765625 0.009375 0.009765625
0 0.4625 0.546875 0.009375 0.01171875
0 0.44609375 0.548828125 0.0109375 0.015625
0 0.428125 0.537109375 0.009375 0.01171875
0 0.41640625 0.5478515625 0.0140625 0.021484375
0 0.4546875 0.53515625 0.009375 0.01171875
0 0.44296875 0.52734375 0.0109375 0.01171875
0 0.40859375 0.5234375 0.0203125 0.015625
0 0.3953125 0.533203125 0.0125 0.01953125
0 0.30234375 0.6357421875 0.0078125 0.009765625
0 0.25703125 0.66796875 0.0140625 0.01171875
0 0.24921875 0.6484375 0.0140625 0.0078125
0 0.24765625 0.640625 0.0140625 0.0078125
0 0.2453125 0.6337890625 0.0125 0.009765625
0 0.28203125 0.7421875 0.0140625 0.01171875
