0 0.15390625 0.8583984375 0.0234375 0.017578125
0 0.1453125 0.8193359375 0.025 0.013671875
0 0.14453125 0.8125 0.0234375 0.01171875
0 0.14140625 0.8046875 0.0203125 0.0078125
0 0.13984375 0.796875 0.0234375 0.01171875
0 0.2328125 0.79296875 0.0125 0.015625
0 0.421875 0.6669921875 0.01875 0.021484375
0 0.46328125 0.6640625 0.0171875 0.01953125
0 0.50234375 0.6630859375 0.0171875 0.017578125
0 0.4875 0.634765625 0.015625 0.01953125
0 0.46171875 0.6376953125 0.0203125 0.021484375
0 0.41875 0.634765625 0.021875 0.03515625
0 0.4359375 0.619140625 0.015625 0.01953125
0 0.47421875 0.6162109375 0.0140625 0.017578125
0 0.45625 0.6025390625 0.015625 0.017578125
0 0.40625 0.5966796875 0.034375 0.025390625
0 0.384375 0.61328125 0.01875 0.03125
