0 0.2671875 0.6474609375 0.0125 0.009765625
0 0.26015625 0.6298828125 0.0140625 0.009765625
0 0.25703125 0.62109375 0.0140625 0.0078125
0 0.309375 0.6181640625 0.00625 0.009765625
0 0.4171875 0.5546875 0.009375 0.01171875
0 0.44375 0.552734375 0.00625 0.0078125
0 0.465625 0.552734375 0.009375 0.0078125
0 0.45859375 0.5380859375 0.0078125 0.009765625
0 0.4421875 0.5390625 0.009375 0.01171875
0 0.415625 0.5361328125 0.0125 0.017578125
0 0.4265625 0.5283203125 0.009375 0.009765625
0 0.4515625 0.5263671875 0.009375 0.009765625
0 0.4390625 0.51953125 0.009375 0.01171875
0 0.4078125 0.5166015625 0.01875 0.013671875
0 0.3953125 0.5244140625 0.0125 0.017578125
0 0.29296875 0.712890625 0.0140625 0.0078125
