0 0.43359375 0.7763671875 0.0171875 0.025390625
0 0.4921875 0.7724609375 0.01875 0.021484375
0 0.54609375 0.7685546875 0.0171875 0.021484375
0 0.52578125 0.724609375 0.0171875 0.0234375
0 0.49140625 0.7314453125 0.0203125 0.033203125
0 0.43125 0.728515625 0.028125 0.04296875
0 0.45234375 0.7021484375 0.0140625 0.017578125
0 0.50625 0.697265625 0.015625 0.0234375
0 0.48203125 0.6748046875 0.0171875 0.025390625
0 0.41015625 0.6708984375 0.0453125 0.025390625
0 0.3859375 0.69140625 0.021875 0.03515625
