0 0.41796875 0.591796875 0.0109375 0.01171875
0 0.44921875 0.5888671875 0.0109375 0.009765625
0 0.478125 0.5888671875 0.009375 0.009765625
0 0.46796875 0.568359375 0.0109375 0.01171875
0 0.4484375 0.5712890625 0.0125 0.017578125
0 0.428125 0.556640625 0.009375 0.01171875
0 0.415625 0.5693359375 0.015625 0.025390625
0 0.45859375 0.5556640625 0.0109375 0.013671875
0 0.44375 0.5458984375 0.009375 0.013671875
0 0.40546875 0.5419921875 0.0265625 0.017578125
0 0.390625 0.5517578125 0.015625 0.021484375
0 0.2828125 0.673828125 0.009375 0.01171875
0 0.22890625 0.71484375 0.0171875 0.01171875
0 0.2203125 0.6904296875 0.015625 0.009765625
0 0.21875 0.6826171875 0.015625 0.005859375
0 0.215625 0.6748046875 0.015625 0.009765625
0 0.25703125 0.8056640625 0.0171875 0.013671875
