0 0.41875 0.625 0.015625 0.01953125
0 0.45546875 0.623046875 0.0140625 0.015625
0 0.48828125 0.62109375 0.0140625 0.01953125
0 0.47578125 0.5966796875 0.0140625 0.017578125
0 0.45546875 0.6005859375 0.0171875 0.021484375
0 0.4171875 0.59765625 0.01875 0.03125
0 0.43203125 0.5849609375 0.0140625 0.017578125
0 0.46484375 0.58203125 0.0140625 0.01953125
0 0.44921875 0.5693359375 0.0140625 0.017578125
0 0.40546875 0.5654296875 0.0296875 0.021484375
0 0.38671875 0.5791015625 0.0171875 0.029296875
0 0.25859375 0.7275390625 0.0109375 0.013671875
0 0.19453125 0.779296875 0.0171875 0.01171875
0 0.1859375 0.7470703125 0.01875 0.009765625
0 0.184375 0.7412109375 0.01875 0.009765625
0 0.18203125 0.736328125 0.0171875 0.0078125
0 0.18125 0.7275390625 0.01875 0.009765625
0 0.22265625 0.89453125 0.0234375 0.015625
