0 0.17578125 0.8173828125 0.0203125 0.013671875
0 0.165625 0.783203125 0.021875 0.01171875
0 0.16640625 0.7763671875 0.0203125 0.009765625
0 0.16328125 0.7705078125 0.0203125 0.009765625
0 0.16171875 0.7626953125 0.0203125 0.009765625
0 0.24609375 0.7578125 0.0140625 0.015625
0 0.41953125 0.6455078125 0.0171875 0.021484375
0 0.45859375 0.642578125 0.0171875 0.01953125
0 0.49453125 0.6416015625 0.0171875 0.017578125
0 0.48125 0.6162109375 0.015625 0.017578125
0 0.4578125 0.6181640625 0.01875 0.021484375
0 0.41640625 0.6171875 0.0203125 0.03125
0 0.43359375 0.6025390625 0.0140625 0.017578125
0 0.46875 0.5986328125 0.0125 0.017578125
0 0.45234375 0.5869140625 0.0140625 0.017578125
0 0.40546875 0.5810546875 0.0328125 0.025390625
0 0.3859375 0.59765625 0.01875 0.02734375
0 0.20390625 0.9521484375 0.0234375 0.017578125
