0 0.1828125 0.80078125 0.021875 0.015625
0 0.17421875 0.767578125 0.0203125 0.01171875
0 0.175 0.76171875 0.01875 0.0078125
0 0.171875 0.755859375 0.01875 0.0078125
0 0.1703125 0.7490234375 0.01875 0.009765625
0 0.25234375 0.74609375 0.0109375 0.015625
0 0.41875 0.63671875 0.015625 0.01953125
0 0.45703125 0.6337890625 0.0171875 0.017578125
0 0.49140625 0.6328125 0.0171875 0.01953125
0 0.47890625 0.6083984375 0.0140625 0.017578125
0 0.45625 0.6103515625 0.01875 0.021484375
0 0.41640625 0.609375 0.0203125 0.03125
0 0.4328125 0.5947265625 0.0125 0.017578125
0 0.4671875 0.5908203125 0.0125 0.017578125
0 0.45078125 0.580078125 0.0140625 0.015625
0 0.40546875 0.5732421875 0.0296875 0.025390625
0 0.3859375 0.5908203125 0.01875 0.029296875
0 0.21328125 0.9287109375 0.0234375 0.017578125
