0 0.41796875 0.5634765625 0.0078125 0.009765625
0 0.4453125 0.5615234375 0.009375 0.009765625
0 0.46953125 0.5615234375 0.0078125 0.009765625
0 0.4609375 0.5439453125 0.009375 0.009765625
0 0.44453125 0.544921875 0.0109375 0.015625
0 0.42734375 0.5341796875 0.0078125 0.009765625
0 0.41640625 0.5458984375 0.0140625 0.021484375
0 0.453125 0.533203125 0.009375 0.01171875
0 0.4421875 0.5244140625 0.009375 0.013671875
0 0.40859375 0.5224609375 0.0203125 0.013671875
0 0.39609375 0.5302734375 0.0109375 0.017578125
0 0.30390625 0.6318359375 0.0078125 0.009765625
0 0.26015625 0.6630859375 0.0140625 0.009765625
0 0.2515625 0.642578125 0.0125 0.01171875
0 0.24765625 0.6318359375 0.0140625 0.009765625
0 0.2859375 0.7333984375 0.0125 0.009765625
0 0.28515625 0.734375 0.0140625 0.01171875
