0 0.4328125 0.7607421875 0.021875 0.029296875
0 0.490625 0.7548828125 0.021875 0.025390625
0 0.53984375 0.7529296875 0.0171875 0.021484375
0 0.51953125 0.708984375 0.0203125 0.0234375
0 0.4875 0.71484375 0.021875 0.03125
0 0.4296875 0.712890625 0.028125 0.04296875
0 0.45078125 0.6875 0.0171875 0.0234375
0 0.50234375 0.6845703125 0.0234375 0.025390625
0 0.47578125 0.6630859375 0.0234375 0.025390625
0 0.40859375 0.6572265625 0.0484375 0.029296875
0 0.3859375 0.6806640625 0.021875 0.037109375
0 0.16640625 0.9609375 0.0140625 0.0234375
0 0.0359375 0.9912109375 0.03125 0.017578125
0 0.03515625 0.978515625 0.0328125 0.015625
0 0.03203125 0.966796875 0.0296875 0.015625
