0 0.4171875 0.5615234375 0.009375 0.009765625
0 0.4453125 0.5576171875 0.009375 0.009765625
0 0.46796875 0.5595703125 0.0078125 0.009765625
0 0.46015625 0.5419921875 0.0078125 0.009765625
0 0.44453125 0.54296875 0.0109375 0.015625
0 0.42734375 0.5322265625 0.0078125 0.009765625
0 0.41484375 0.54296875 0.0140625 0.01953125
0 0.45234375 0.53125 0.0109375 0.01171875
0 0.440625 0.5224609375 0.009375 0.013671875
0 0.4078125 0.5205078125 0.01875 0.013671875
0 0.3953125 0.52734375 0.0125 0.01953125
0 0.30546875 0.626953125 0.0078125 0.01171875
0 0.26328125 0.6572265625 0.0140625 0.009765625
0 0.2546875 0.63671875 0.0125 0.01171875
0 0.25078125 0.6259765625 0.0140625 0.009765625
0 0.2875 0.7275390625 0.015625 0.009765625
