0 0.271875 0.6376953125 0.0125 0.009765625
0 0.265625 0.6201171875 0.0125 0.009765625
0 0.26171875 0.611328125 0.0109375 0.0078125
0 0.3125 0.609375 0.00625 0.0078125
0 0.415625 0.5498046875 0.009375 0.009765625
0 0.4421875 0.548828125 0.00625 0.0078125
0 0.46328125 0.548828125 0.0078125 0.0078125
0 0.45625 0.5341796875 0.00625 0.009765625
0 0.440625 0.53515625 0.009375 0.01171875
0 0.4140625 0.5322265625 0.0125 0.017578125
0 0.425 0.5244140625 0.009375 0.009765625
0 0.4484375 0.5224609375 0.009375 0.009765625
0 0.4375 0.515625 0.009375 0.01171875
0 0.40625 0.5126953125 0.01875 0.013671875
0 0.39453125 0.5205078125 0.0109375 0.017578125
0 0.296875 0.6982421875 0.0125 0.009765625
