0 0.2765625 0.6025390625 0.0125 0.009765625
0 0.275 0.5947265625 0.0125 0.009765625
0 0.2859375 0.6220703125 0.0125 0.009765625
0 0.31953125 0.5908203125 0.0046875 0.009765625
0 0.4140625 0.5380859375 0.009375 0.009765625
0 0.4390625 0.537109375 0.009375 0.0078125
0 0.45859375 0.5361328125 0.0078125 0.009765625
0 0.45234375 0.5234375 0.0078125 0.0078125
0 0.4234375 0.5146484375 0.00625 0.009765625
0 0.4125 0.5224609375 0.0125 0.017578125
0 0.44453125 0.5126953125 0.0046875 0.013671875
0 0.434375 0.505859375 0.009375 0.01171875
0 0.409375 0.50390625 0.01875 0.01171875
0 0.3953125 0.5107421875 0.009375 0.017578125
0 0.30546875 0.673828125 0.0109375 0.0078125
0 0.4375 0.5224609375 0.009375 0.013671875
