0 0.45234375 0.7626953125 0.0390625 0.044921875
0 0.55546875 0.7529296875 0.0296875 0.041015625
0 0.64453125 0.7451171875 0.0265625 0.037109375
0 0.60078125 0.654296875 0.0328125 0.046875
0 0.54609375 0.6650390625 0.0390625 0.052734375
0 0.44453125 0.6611328125 0.0390625 0.080078125
0 0.48046875 0.6103515625 0.0328125 0.044921875
0 0.5671875 0.6025390625 0.03125 0.041015625
0 0.5234375 0.5615234375 0.03125 0.037109375
0 0.4109375 0.548828125 0.071875 0.04296875
0 0.3671875 0.5908203125 0.0375 0.052734375
