0 0.41953125 0.57421875 0.0109375 0.01171875
0 0.4484375 0.5712890625 0.009375 0.009765625
0 0.475 0.5712890625 0.009375 0.009765625
0 0.465625 0.5546875 0.009375 0.01171875
0 0.44765625 0.556640625 0.0109375 0.015625
0 0.4296875 0.5439453125 0.009375 0.009765625
0 0.41796875 0.5556640625 0.0140625 0.021484375
0 0.45625 0.54296875 0.009375 0.01171875
0 0.44375 0.533203125 0.009375 0.01171875
0 0.4078125 0.529296875 0.021875 0.015625
0 0.39375 0.5400390625 0.0125 0.021484375
0 0.29609375 0.6494140625 0.0078125 0.009765625
0 0.2484375 0.68359375 0.015625 0.01171875
0 0.240625 0.662109375 0.015625 0.0078125
0 0.23984375 0.65625 0.0140625 0.0078125
0 0.23671875 0.6484375 0.0140625 0.0078125
0 0.275 0.76171875 0.015625 0.01171875
