0 0.4171875 0.60546875 0.0125 0.015625
0 0.4515625 0.6025390625 0.0125 0.013671875
0 0.48125 0.6025390625 0.0125 0.013671875
0 0.4703125 0.580078125 0.009375 0.01171875
0 0.45 0.583984375 0.0125 0.01953125
0 0.41484375 0.5810546875 0.0171875 0.025390625
0 0.4296875 0.568359375 0.009375 0.01171875
0 0.4609375 0.5673828125 0.009375 0.013671875
0 0.44609375 0.556640625 0.0109375 0.01171875
0 0.40390625 0.5517578125 0.0265625 0.017578125
0 0.3890625 0.564453125 0.015625 0.01953125
0 0.27109375 0.697265625 0.0078125 0.01171875
0 0.21171875 0.7431640625 0.0171875 0.009765625
0 0.20390625 0.7138671875 0.0140625 0.009765625
0 0.203125 0.7080078125 0.015625 0.009765625
0 0.2 0.7001953125 0.015625 0.009765625
0 0.24140625 0.8447265625 0.0203125 0.013671875
