0 0.4265625 0.7265625 0.01875 0.02734375
0 0.48046875 0.724609375 0.0203125 0.0234375
0 0.5265625 0.72265625 0.01875 0.0234375
0 0.5078125 0.68359375 0.01875 0.0234375
0 0.4765625 0.6884765625 0.021875 0.029296875
0 0.4234375 0.6865234375 0.025 0.037109375
0 0.44609375 0.6640625 0.0171875 0.0234375
0 0.490625 0.6611328125 0.01875 0.021484375
0 0.46875 0.6416015625 0.015625 0.021484375
0 0.40625 0.63671875 0.04375 0.02734375
0 0.38359375 0.65625 0.0203125 0.03125
0 0.1890625 0.8984375 0.015625 0.01953125
0 0.0734375 0.939453125 0.028125 0.015625
0 0.0734375 0.927734375 0.028125 0.015625
0 0.071875 0.91796875 0.028125 0.015625
0 0.06875 0.9072265625 0.028125 0.013671875
