0 0.4171875 0.6025390625 0.0125 0.013671875
0 0.45078125 0.5986328125 0.0140625 0.013671875
0 0.48046875 0.5986328125 0.0109375 0.013671875
0 0.4703125 0.5771484375 0.009375 0.009765625
0 0.45 0.580078125 0.0125 0.01953125
0 0.41484375 0.578125 0.0171875 0.02734375
0 0.428125 0.5654296875 0.009375 0.013671875
0 0.46015625 0.5634765625 0.0109375 0.013671875
0 0.4453125 0.552734375 0.0125 0.01171875
0 0.40390625 0.5478515625 0.0265625 0.017578125
0 0.3890625 0.5615234375 0.015625 0.021484375
0 0.27421875 0.69140625 0.0078125 0.01171875
0 0.21640625 0.7353515625 0.0171875 0.009765625
0 0.20859375 0.7080078125 0.0140625 0.009765625
0 0.2078125 0.701171875 0.015625 0.0078125
0 0.2046875 0.6943359375 0.015625 0.009765625
0 0.2453125 0.83203125 0.01875 0.01171875
