0 0.41953125 0.58203125 0.0109375 0.01171875
0 0.45 0.5791015625 0.009375 0.009765625
0 0.4765625 0.5791015625 0.009375 0.009765625
0 0.4671875 0.560546875 0.009375 0.01171875
0 0.4484375 0.5625 0.0125 0.015625
0 0.4296875 0.55078125 0.009375 0.01171875
0 0.41796875 0.5615234375 0.0140625 0.021484375
0 0.4578125 0.548828125 0.009375 0.01171875
0 0.4453125 0.5390625 0.009375 0.01171875
0 0.40859375 0.53515625 0.0234375 0.015625
0 0.39296875 0.544921875 0.0140625 0.01953125
0 0.290625 0.6630859375 0.009375 0.009765625
0 0.2390625 0.7001953125 0.015625 0.009765625
0 0.23046875 0.6767578125 0.0140625 0.009765625
0 0.2296875 0.66796875 0.0125 0.0078125
0 0.2265625 0.662109375 0.015625 0.0078125
0 0.2671875 0.783203125 0.015625 0.01171875
