0 0.1359375 0.892578125 0.028125 0.01953125
0 0.128125 0.8486328125 0.025 0.013671875
0 0.12734375 0.83984375 0.0265625 0.01171875
0 0.1265625 0.833984375 0.021875 0.0078125
0 0.12265625 0.826171875 0.0265625 0.01171875
0 0.22265625 0.8203125 0.0109375 0.01953125
0 0.42265625 0.6826171875 0.0203125 0.021484375
0 0.46796875 0.6796875 0.0171875 0.01953125
0 0.50703125 0.6787109375 0.0171875 0.017578125
0 0.4921875 0.6484375 0.015625 0.01953125
0 0.46484375 0.65234375 0.0203125 0.0234375
0 0.41875 0.6484375 0.021875 0.03515625
0 0.43671875 0.630859375 0.0171875 0.01953125
0 0.47890625 0.6279296875 0.0140625 0.017578125
0 0.45859375 0.61328125 0.0171875 0.01953125
0 0.40625 0.6083984375 0.0375 0.025390625
0 0.38359375 0.625 0.0203125 0.03125
