0 0.4296875 0.732421875 0.021875 0.02734375
0 0.48203125 0.7294921875 0.0203125 0.025390625
0 0.528125 0.728515625 0.021875 0.0234375
0 0.509375 0.6875 0.01875 0.0234375
0 0.47890625 0.69140625 0.0234375 0.02734375
0 0.425 0.69140625 0.025 0.0390625
0 0.4453125 0.666015625 0.015625 0.01953125
0 0.49296875 0.6640625 0.0203125 0.0234375
0 0.4703125 0.6455078125 0.01875 0.021484375
0 0.40625 0.640625 0.04375 0.02734375
0 0.3828125 0.66015625 0.01875 0.03125
0 0.18671875 0.908203125 0.0171875 0.0234375
0 0.06796875 0.94921875 0.0296875 0.015625
0 0.06796875 0.9375 0.0296875 0.015625
0 0.06640625 0.9267578125 0.0296875 0.017578125
0 0.0625 0.9150390625 0.028125 0.013671875
