0 0.16328125 0.8408203125 0.0203125 0.017578125
0 0.15390625 0.802734375 0.0203125 0.01171875
0 0.153125 0.794921875 0.021875 0.01171875
0 0.15078125 0.7900390625 0.0203125 0.009765625
0 0.14921875 0.7822265625 0.0203125 0.009765625
0 0.23984375 0.779296875 0.0109375 0.015625
0 0.4203125 0.658203125 0.01875 0.01953125
0 0.46171875 0.6552734375 0.0171875 0.017578125
0 0.49921875 0.654296875 0.0171875 0.01953125
0 0.48515625 0.626953125 0.0140625 0.01953125
0 0.46015625 0.6298828125 0.0203125 0.021484375
0 0.41796875 0.6279296875 0.0203125 0.033203125
0 0.434375 0.611328125 0.015625 0.01953125
0 0.47265625 0.6083984375 0.0140625 0.017578125
0 0.4546875 0.5947265625 0.015625 0.017578125
0 0.40546875 0.5888671875 0.0328125 0.025390625
0 0.38515625 0.6064453125 0.0203125 0.029296875
0 0.19375 0.9853515625 0.025 0.017578125
