0 0.41640625 0.5576171875 0.0078125 0.009765625
0 0.44375 0.5556640625 0.009375 0.009765625
0 0.46640625 0.5556640625 0.0078125 0.009765625
0 0.45859375 0.5390625 0.0078125 0.01171875
0 0.44296875 0.5400390625 0.0109375 0.013671875
0 0.42578125 0.5302734375 0.0078125 0.009765625
0 0.41484375 0.5400390625 0.0140625 0.021484375
0 0.4515625 0.5283203125 0.009375 0.013671875
0 0.440625 0.51953125 0.009375 0.01171875
0 0.4078125 0.517578125 0.01875 0.01171875
0 0.3953125 0.525390625 0.0125 0.01953125
0 0.30703125 0.623046875 0.0078125 0.01171875
0 0.26484375 0.6533203125 0.0140625 0.009765625
0 0.25703125 0.6318359375 0.0140625 0.009765625
0 0.25234375 0.6220703125 0.0140625 0.009765625
0 0.28984375 0.720703125 0.0140625 0.0078125
