0 0.43359375 0.775390625 0.0171875 0.02734375
0 0.4953125 0.76953125 0.01875 0.0234375
0 0.546875 0.7666015625 0.015625 0.025390625
0 0.52421875 0.7236328125 0.0203125 0.025390625
0 0.48984375 0.7275390625 0.0203125 0.029296875
0 0.43046875 0.7265625 0.0296875 0.046875
0 0.45234375 0.7001953125 0.0171875 0.025390625
0 0.50625 0.6962890625 0.015625 0.025390625
0 0.48125 0.6748046875 0.01875 0.025390625
0 0.41015625 0.6669921875 0.0484375 0.033203125
0 0.38515625 0.6923828125 0.0234375 0.037109375
