0 0.1546875 0.857421875 0.025 0.015625
0 0.1453125 0.8193359375 0.025 0.013671875
0 0.14609375 0.810546875 0.0234375 0.01171875
0 0.14296875 0.8046875 0.0203125 0.0078125
0 0.140625 0.794921875 0.025 0.01171875
0 0.23515625 0.791015625 0.0109375 0.015625
0 0.42109375 0.666015625 0.0171875 0.01953125
0 0.46328125 0.6630859375 0.0171875 0.017578125
0 0.50234375 0.662109375 0.0171875 0.01953125
0 0.48671875 0.6337890625 0.0140625 0.017578125
0 0.46171875 0.63671875 0.0203125 0.0234375
0 0.41875 0.6337890625 0.021875 0.033203125
0 0.43515625 0.6181640625 0.0140625 0.017578125
0 0.47421875 0.6142578125 0.0140625 0.017578125
0 0.45546875 0.6015625 0.0171875 0.01953125
0 0.40625 0.5947265625 0.034375 0.025390625
0 0.384375 0.6123046875 0.01875 0.029296875
