0 0.2703125 0.6416015625 0.0125 0.009765625
0 0.26328125 0.6240234375 0.0140625 0.009765625
0 0.259375 0.615234375 0.0125 0.0078125
0 0.3109375 0.61328125 0.00625 0.0078125
0 0.41640625 0.5517578125 0.0078125 0.009765625
0 0.4421875 0.55078125 0.00625 0.0078125
0 0.4640625 0.55078125 0.009375 0.0078125
0 0.45703125 0.5361328125 0.0078125 0.009765625
0 0.4421875 0.537109375 0.009375 0.01171875
0 0.415625 0.5341796875 0.0125 0.017578125
0 0.425 0.5263671875 0.009375 0.009765625
0 0.45 0.5244140625 0.009375 0.009765625
0 0.43828125 0.517578125 0.0078125 0.01171875
0 0.4078125 0.5146484375 0.01875 0.013671875
0 0.3953125 0.5224609375 0.0125 0.017578125
0 0.2953125 0.7041015625 0.0125 0.009765625
