0 0.4328125 0.7548828125 0.021875 0.029296875
0 0.4890625 0.7509765625 0.021875 0.025390625
0 0.53828125 0.7490234375 0.0234375 0.025390625
0 0.5171875 0.705078125 0.01875 0.0234375
0 0.484375 0.712890625 0.025 0.03515625
0 0.428125 0.7099609375 0.03125 0.044921875
0 0.45078125 0.68359375 0.0171875 0.0234375
0 0.5 0.6806640625 0.021875 0.025390625
0 0.475 0.6611328125 0.021875 0.025390625
0 0.40859375 0.6572265625 0.0484375 0.033203125
0 0.384375 0.6767578125 0.025 0.037109375
0 0.1703125 0.9501953125 0.01875 0.025390625
0 0.0421875 0.98046875 0.03125 0.015625
0 0.03984375 0.96875 0.0328125 0.015625
0 0.03671875 0.95703125 0.0296875 0.015625
