0 0.42265625 0.6884765625 0.0171875 0.021484375
0 0.46796875 0.6845703125 0.0171875 0.021484375
0 0.5078125 0.68359375 0.01875 0.0234375
0 0.49296875 0.650390625 0.0140625 0.01953125
0 0.46796875 0.6552734375 0.0203125 0.025390625
0 0.42109375 0.6533203125 0.0234375 0.037109375
0 0.43828125 0.6337890625 0.0171875 0.021484375
0 0.4796875 0.630859375 0.015625 0.01953125
0 0.45859375 0.6162109375 0.0171875 0.017578125
0 0.40546875 0.6103515625 0.0390625 0.025390625
0 0.384375 0.6279296875 0.021875 0.029296875
0 0.13046875 0.90234375 0.0265625 0.015625
0 0.2203125 0.8271484375 0.0125 0.017578125
0 0.121875 0.857421875 0.021875 0.015625
0 0.1203125 0.8486328125 0.028125 0.013671875
0 0.1203125 0.83984375 0.025 0.01171875
0 0.11953125 0.8330078125 0.0265625 0.013671875
