0 0.4234375 0.6953125 0.01875 0.0234375
0 0.46953125 0.6904296875 0.0171875 0.021484375
0 0.5109375 0.69140625 0.01875 0.0234375
0 0.4953125 0.6572265625 0.015625 0.021484375
0 0.46953125 0.662109375 0.0203125 0.02734375
0 0.42109375 0.6591796875 0.0265625 0.037109375
0 0.43984375 0.6396484375 0.0171875 0.021484375
0 0.48203125 0.63671875 0.0171875 0.01953125
0 0.46015625 0.62109375 0.0171875 0.01953125
0 0.40546875 0.615234375 0.0390625 0.02734375
0 0.384375 0.6337890625 0.021875 0.029296875
0 0.12265625 0.9169921875 0.0234375 0.017578125
0 0.2140625 0.83984375 0.0125 0.015625
0 0.1140625 0.873046875 0.025 0.015625
0 0.11171875 0.8623046875 0.0296875 0.013671875
0 0.11171875 0.853515625 0.0265625 0.01171875
0 0.11015625 0.8466796875 0.0265625 0.013671875
