0 0.41875 0.5732421875 0.009375 0.013671875
0 0.4484375 0.5712890625 0.009375 0.009765625
0 0.47421875 0.5712890625 0.0109375 0.009765625
0 0.4640625 0.552734375 0.009375 0.01171875
0 0.446875 0.5546875 0.0125 0.015625
0 0.428125 0.54296875 0.009375 0.01171875
0 0.41640625 0.5537109375 0.0140625 0.021484375
0 0.45625 0.541015625 0.009375 0.01171875
0 0.44375 0.53125 0.009375 0.01171875
0 0.40859375 0.529296875 0.0203125 0.015625
0 0.39453125 0.5390625 0.0109375 0.01953125
0 0.29765625 0.6474609375 0.0078125 0.009765625
0 0.24921875 0.681640625 0.0140625 0.01171875
0 0.24140625 0.66015625 0.0140625 0.0078125
0 0.23984375 0.654296875 0.0140625 0.0078125
0 0.2375 0.646484375 0.0125 0.0078125
0 0.2765625 0.7587890625 0.015625 0.009765625
