0 0.49765625 0.7451171875 0.0578125 0.091796875
0 0.68828125 0.7158203125 0.0484375 0.083984375
0 0.4796875 0.5009765625 0.071875 0.146484375
0 0.659375 0.5048828125 0.05625 0.103515625
0 0.7578125 0.4619140625 0.046875 0.080078125
0 0.5359375 0.353515625 0.046875 0.0703125
0 0.6875 0.3369140625 0.046875 0.068359375
0 0.60703125 0.240234375 0.0453125 0.0625
0 0.41328125 0.2255859375 0.1203125 0.072265625
0 0.340625 0.3232421875 0.053125 0.111328125
0 0.85078125 0.6962890625 0.0515625 0.080078125
