0 0.4171875 0.6171875 0.0125 0.015625
0 0.45390625 0.6142578125 0.0140625 0.013671875
0 0.48515625 0.6123046875 0.0140625 0.017578125
0 0.4734375 0.58984375 0.0125 0.015625
0 0.453125 0.5927734375 0.015625 0.021484375
0 0.41640625 0.58984375 0.0171875 0.03125
0 0.43203125 0.578125 0.0109375 0.015625
0 0.46328125 0.5751953125 0.0140625 0.017578125
0 0.44921875 0.5625 0.0109375 0.015625
0 0.4046875 0.560546875 0.028125 0.01953125
0 0.38828125 0.5732421875 0.0140625 0.025390625
0 0.26328125 0.71484375 0.0109375 0.01171875
0 0.2015625 0.763671875 0.01875 0.01171875
0 0.1921875 0.7353515625 0.01875 0.009765625
0 0.19140625 0.7294921875 0.0171875 0.009765625
0 0.1890625 0.72265625 0.015625 0.0078125
0 0.1875 0.716796875 0.01875 0.0078125
0 0.23125 0.875 0.021875 0.015625
