0 0.4265625 0.7265625 0.01875 0.0234375
0 0.48046875 0.724609375 0.0203125 0.01953125
0 0.52734375 0.7236328125 0.0171875 0.021484375
0 0.5078125 0.6845703125 0.01875 0.021484375
0 0.47734375 0.6884765625 0.0203125 0.025390625
0 0.42578125 0.6884765625 0.0265625 0.041015625
0 0.4453125 0.6640625 0.015625 0.0234375
0 0.4921875 0.662109375 0.01875 0.0234375
0 0.46953125 0.6435546875 0.0171875 0.021484375
0 0.40703125 0.6376953125 0.0453125 0.029296875
0 0.384375 0.6591796875 0.025 0.037109375
0 0.18828125 0.9013671875 0.0171875 0.021484375
0 0.07265625 0.94140625 0.0296875 0.015625
0 0.071875 0.9306640625 0.028125 0.013671875
0 0.0703125 0.919921875 0.028125 0.015625
0 0.0671875 0.9091796875 0.028125 0.013671875
