0 0.4328125 0.765625 0.021875 0.02734375
0 0.490625 0.759765625 0.021875 0.02734375
0 0.54296875 0.7587890625 0.0203125 0.029296875
0 0.52109375 0.7138671875 0.0203125 0.025390625
0 0.4875 0.7216796875 0.025 0.029296875
0 0.4296875 0.7197265625 0.025 0.044921875
0 0.453125 0.6923828125 0.015625 0.021484375
0 0.50234375 0.6884765625 0.0203125 0.025390625
0 0.4796875 0.669921875 0.015625 0.0234375
0 0.41015625 0.662109375 0.0453125 0.02734375
0 0.38359375 0.6826171875 0.0234375 0.037109375
0 0.159375 0.9716796875 0.01875 0.025390625
0 0.02578125 0.98828125 0.0359375 0.015625
0 0.025 0.9775390625 0.03125 0.017578125
