0 0.42265625 0.6884765625 0.0171875 0.021484375
0 0.46796875 0.6845703125 0.0171875 0.021484375
0 0.509375 0.68359375 0.01875 0.0234375
0 0.49296875 0.65234375 0.0140625 0.01953125
0 0.46796875 0.6572265625 0.0203125 0.025390625
0 0.41953125 0.6533203125 0.0265625 0.037109375
0 0.43828125 0.6357421875 0.0171875 0.021484375
0 0.4796875 0.6328125 0.015625 0.01953125
0 0.45859375 0.6181640625 0.0171875 0.017578125
0 0.40546875 0.6103515625 0.0390625 0.025390625
0 0.384375 0.62890625 0.021875 0.03125
0 0.13125 0.9033203125 0.025 0.017578125
0 0.21875 0.830078125 0.015625 0.01953125
0 0.12109375 0.859375 0.0234375 0.015625
0 0.1203125 0.8505859375 0.028125 0.013671875
0 0.11953125 0.841796875 0.0265625 0.01171875
0 0.11875 0.8349609375 0.028125 0.013671875
