0 0.425 0.7060546875 0.01875 0.025390625
0 0.47421875 0.7021484375 0.0171875 0.021484375
0 0.515625 0.701171875 0.01875 0.0234375
0 0.49921875 0.666015625 0.0171875 0.01953125
0 0.47109375 0.671875 0.0203125 0.02734375
0 0.42109375 0.669921875 0.0265625 0.0390625
0 0.44140625 0.6494140625 0.0171875 0.021484375
0 0.48515625 0.6455078125 0.0171875 0.021484375
0 0.46328125 0.6298828125 0.0171875 0.021484375
0 0.4078125 0.623046875 0.040625 0.02734375
0 0.38359375 0.6416015625 0.0234375 0.033203125
0 0.10859375 0.9423828125 0.0296875 0.021484375
0 0.20703125 0.8603515625 0.0140625 0.017578125
0 0.1 0.89453125 0.028125 0.015625
0 0.0984375 0.8837890625 0.028125 0.013671875
0 0.0984375 0.8759765625 0.028125 0.013671875
0 0.096875 0.8681640625 0.028125 0.013671875
