0 0.4265625 0.71875 0.021875 0.02734375
0 0.478125 0.716796875 0.01875 0.0234375
0 0.521875 0.71484375 0.01875 0.0234375
0 0.5046875 0.6767578125 0.01875 0.021484375
0 0.47578125 0.68359375 0.0234375 0.03125
0 0.425 0.6806640625 0.028125 0.041015625
0 0.4453125 0.658203125 0.01875 0.0234375
0 0.48828125 0.6552734375 0.0171875 0.021484375
0 0.465625 0.638671875 0.01875 0.0234375
0 0.40625 0.6337890625 0.04375 0.033203125
0 0.384375 0.65234375 0.025 0.0390625
0 0.1953125 0.884765625 0.015625 0.01953125
0 0.090625 0.9755859375 0.03125 0.021484375
0 0.08359375 0.9228515625 0.0296875 0.013671875
0 0.0828125 0.9111328125 0.028125 0.013671875
0 0.08203125 0.90234375 0.0265625 0.015625
0 0.078125 0.8916015625 0.028125 0.013671875
