0 0.1453125 0.875 0.021875 0.015625
0 0.1359375 0.8349609375 0.025 0.013671875
0 0.1359375 0.826171875 0.025 0.01171875
0 0.13359375 0.8203125 0.0203125 0.0078125
0 0.13046875 0.810546875 0.0265625 0.01171875
0 0.228125 0.8076171875 0.0125 0.017578125
0 0.421875 0.6748046875 0.01875 0.021484375
0 0.46640625 0.671875 0.0171875 0.01953125
0 0.50546875 0.6708984375 0.0171875 0.017578125
0 0.4890625 0.642578125 0.015625 0.01953125
0 0.46328125 0.64453125 0.0203125 0.0234375
0 0.41875 0.6416015625 0.021875 0.033203125
0 0.4359375 0.625 0.015625 0.01953125
0 0.4765625 0.6220703125 0.0125 0.017578125
0 0.45703125 0.6083984375 0.0171875 0.017578125
0 0.40625 0.6025390625 0.034375 0.025390625
0 0.38359375 0.6201171875 0.0203125 0.029296875
