0 0.41875 0.5859375 0.009375 0.01171875
0 0.45 0.583984375 0.009375 0.01171875
0 0.47734375 0.583984375 0.0109375 0.01171875
0 0.4671875 0.564453125 0.009375 0.01171875
0 0.4484375 0.56640625 0.0125 0.015625
0 0.4296875 0.5546875 0.009375 0.01171875
0 0.4171875 0.5654296875 0.015625 0.021484375
0 0.4578125 0.552734375 0.009375 0.01171875
0 0.4453125 0.54296875 0.009375 0.01171875
0 0.40703125 0.5390625 0.0234375 0.015625
0 0.39140625 0.548828125 0.0140625 0.01953125
0 0.28671875 0.6689453125 0.0078125 0.009765625
0 0.234375 0.7080078125 0.015625 0.009765625
0 0.22578125 0.68359375 0.0140625 0.0078125
0 0.22421875 0.67578125 0.0140625 0.0078125
0 0.22109375 0.66796875 0.0171875 0.0078125
0 0.26171875 0.7939453125 0.0171875 0.013671875
