0 0.42734375 0.7373046875 0.0171875 0.025390625
0 0.48359375 0.7353515625 0.0203125 0.025390625
0 0.53125 0.734375 0.021875 0.0234375
0 0.51171875 0.6923828125 0.0203125 0.021484375
0 0.48203125 0.6982421875 0.0203125 0.029296875
0 0.42578125 0.6953125 0.0234375 0.0390625
0 0.44765625 0.671875 0.0171875 0.0234375
0 0.49453125 0.6689453125 0.0203125 0.025390625
0 0.47109375 0.650390625 0.0203125 0.0234375
0 0.40625 0.64453125 0.04375 0.02734375
0 0.384375 0.6650390625 0.021875 0.029296875
0 0.18203125 0.919921875 0.0171875 0.0234375
0 0.0609375 0.9619140625 0.03125 0.017578125
0 0.06015625 0.94921875 0.0296875 0.015625
0 0.05859375 0.9384765625 0.0296875 0.017578125
0 0.05546875 0.9267578125 0.0296875 0.013671875
