0 0.43359375 0.7666015625 0.0203125 0.025390625
0 0.490625 0.7607421875 0.015625 0.021484375
0 0.54296875 0.7587890625 0.0171875 0.025390625
0 0.52265625 0.71484375 0.0171875 0.0234375
0 0.48828125 0.7216796875 0.0234375 0.033203125
0 0.43046875 0.7197265625 0.0265625 0.041015625
0 0.4515625 0.6943359375 0.0125 0.021484375
0 0.5046875 0.6875 0.01875 0.0234375
0 0.48046875 0.66796875 0.0171875 0.0234375
0 0.409375 0.662109375 0.04375 0.02734375
0 0.38515625 0.685546875 0.0203125 0.0390625
0 0.159375 0.9736328125 0.01875 0.025390625
0 0.0234375 0.9921875 0.0375 0.015625
0 0.021875 0.9794921875 0.03125 0.017578125
