0 0.41796875 0.58984375 0.0109375 0.01171875
0 0.44921875 0.5869140625 0.0109375 0.009765625
0 0.478125 0.5869140625 0.009375 0.009765625
0 0.46796875 0.56640625 0.0109375 0.01171875
0 0.4484375 0.5693359375 0.0125 0.017578125
0 0.428125 0.556640625 0.009375 0.01171875
0 0.415625 0.568359375 0.015625 0.0234375
0 0.45859375 0.5546875 0.0109375 0.01171875
0 0.44375 0.544921875 0.009375 0.01171875
0 0.40625 0.541015625 0.025 0.015625
0 0.390625 0.55078125 0.015625 0.01953125
0 0.284375 0.6728515625 0.009375 0.009765625
0 0.23046875 0.712890625 0.0171875 0.01171875
0 0.221875 0.6884765625 0.015625 0.009765625
0 0.2203125 0.6806640625 0.015625 0.005859375
0 0.2171875 0.6728515625 0.015625 0.009765625
0 0.25859375 0.8017578125 0.0171875 0.013671875
