0 0.42890625 0.728515625 0.0171875 0.0234375
0 0.4796875 0.7255859375 0.015625 0.021484375
0 0.5265625 0.724609375 0.01875 0.0234375
0 0.50859375 0.685546875 0.0203125 0.0234375
0 0.478125 0.6904296875 0.021875 0.029296875
0 0.425 0.6884765625 0.028125 0.037109375
0 0.446875 0.666015625 0.01875 0.0234375
0 0.49140625 0.662109375 0.0171875 0.0234375
0 0.46875 0.64453125 0.01875 0.0234375
0 0.40703125 0.638671875 0.0453125 0.02734375
0 0.38359375 0.6572265625 0.0234375 0.033203125
0 0.1890625 0.90234375 0.015625 0.01953125
0 0.07109375 0.9453125 0.0296875 0.015625
0 0.0703125 0.9326171875 0.028125 0.013671875
0 0.06875 0.9228515625 0.028125 0.017578125
0 0.065625 0.9111328125 0.028125 0.013671875
