0 0.425 0.69921875 0.01875 0.0234375
0 0.47109375 0.6943359375 0.0171875 0.021484375
0 0.5140625 0.6953125 0.01875 0.0234375
0 0.496875 0.6611328125 0.015625 0.021484375
0 0.46953125 0.666015625 0.0203125 0.02734375
0 0.42109375 0.6640625 0.0265625 0.0390625
0 0.440625 0.6435546875 0.01875 0.021484375
0 0.48359375 0.640625 0.0171875 0.01953125
0 0.46171875 0.625 0.0171875 0.01953125
0 0.40703125 0.6181640625 0.0390625 0.025390625
0 0.384375 0.63671875 0.021875 0.03125
0 0.11796875 0.9287109375 0.0265625 0.013671875
0 0.21171875 0.8486328125 0.0140625 0.017578125
0 0.10859375 0.8828125 0.0265625 0.015625
0 0.10625 0.8720703125 0.028125 0.013671875
0 0.10625 0.86328125 0.028125 0.01171875
0 0.1046875 0.8564453125 0.028125 0.013671875
