0 0.153125 0.8623046875 0.021875 0.013671875
0 0.14375 0.8232421875 0.025 0.013671875
0 0.14296875 0.81640625 0.0234375 0.01171875
0 0.13984375 0.80859375 0.0203125 0.0078125
0 0.1375 0.798828125 0.025 0.01171875
0 0.2328125 0.796875 0.009375 0.015625
0 0.421875 0.6689453125 0.01875 0.021484375
0 0.46484375 0.666015625 0.0171875 0.01953125
0 0.50234375 0.6650390625 0.0171875 0.017578125
0 0.4875 0.63671875 0.015625 0.01953125
0 0.4625 0.638671875 0.01875 0.0234375
0 0.41875 0.6357421875 0.021875 0.033203125
0 0.4359375 0.6201171875 0.015625 0.017578125
0 0.475 0.6162109375 0.0125 0.017578125
0 0.45625 0.603515625 0.015625 0.01953125
0 0.40625 0.5966796875 0.034375 0.025390625
0 0.384375 0.6142578125 0.01875 0.029296875
