0 0.4171875 0.6025390625 0.0125 0.013671875
0 0.45078125 0.5986328125 0.0140625 0.013671875
0 0.48046875 0.599609375 0.0109375 0.01171875
0 0.4703125 0.578125 0.009375 0.01171875
0 0.45 0.5810546875 0.0125 0.017578125
0 0.41484375 0.5791015625 0.0171875 0.025390625
0 0.428125 0.56640625 0.009375 0.01171875
0 0.46015625 0.5654296875 0.0109375 0.013671875
0 0.4453125 0.5537109375 0.0125 0.013671875
0 0.40390625 0.548828125 0.0265625 0.01953125
0 0.3890625 0.5615234375 0.015625 0.021484375
0 0.27421875 0.693359375 0.0078125 0.01171875
0 0.215625 0.7373046875 0.015625 0.009765625
0 0.2078125 0.7080078125 0.015625 0.009765625
0 0.20703125 0.701171875 0.0140625 0.0078125
0 0.203125 0.6943359375 0.015625 0.009765625
0 0.24453125 0.833984375 0.0203125 0.015625
