0 0.171875 0.8251953125 0.021875 0.013671875
0 0.16171875 0.7890625 0.0203125 0.01171875
0 0.16171875 0.7822265625 0.0203125 0.009765625
0 0.15859375 0.7763671875 0.0203125 0.009765625
0 0.15703125 0.7685546875 0.0203125 0.009765625
0 0.24375 0.7666015625 0.0125 0.013671875
0 0.41953125 0.650390625 0.0171875 0.01953125
0 0.46015625 0.6474609375 0.0171875 0.017578125
0 0.49609375 0.646484375 0.0171875 0.01953125
0 0.48203125 0.6201171875 0.0140625 0.017578125
0 0.45859375 0.6220703125 0.0203125 0.021484375
0 0.4171875 0.6201171875 0.021875 0.033203125
0 0.43359375 0.6044921875 0.0140625 0.017578125
0 0.4703125 0.6005859375 0.0125 0.017578125
0 0.453125 0.58984375 0.015625 0.015625
0 0.40546875 0.5830078125 0.0328125 0.025390625
0 0.3859375 0.6005859375 0.01875 0.029296875
0 0.20234375 0.9658203125 0.0234375 0.017578125
