0 0.41875 0.6201171875 0.0125 0.017578125
0 0.45546875 0.619140625 0.0109375 0.015625
0 0.48671875 0.6162109375 0.0109375 0.017578125
0 0.47421875 0.59375 0.0109375 0.015625
0 0.4546875 0.5966796875 0.0125 0.021484375
0 0.41640625 0.59375 0.0140625 0.0234375
0 0.43125 0.5810546875 0.0125 0.013671875
0 0.4640625 0.578125 0.0125 0.015625
0 0.44765625 0.56640625 0.0109375 0.015625
0 0.40546875 0.5615234375 0.0328125 0.017578125
0 0.38828125 0.57421875 0.0140625 0.02734375
0 0.2609375 0.7216796875 0.009375 0.013671875
0 0.19765625 0.771484375 0.0171875 0.01171875
0 0.1890625 0.7412109375 0.01875 0.009765625
0 0.1875 0.7353515625 0.01875 0.009765625
0 0.18515625 0.73046875 0.0171875 0.0078125
0 0.184375 0.7216796875 0.01875 0.009765625
0 0.228125 0.8857421875 0.01875 0.013671875
