0 0.16796875 0.830078125 0.0234375 0.01953125
0 0.159375 0.79296875 0.021875 0.01171875
0 0.159375 0.7861328125 0.021875 0.009765625
0 0.15703125 0.7802734375 0.0203125 0.009765625
0 0.15546875 0.7724609375 0.0203125 0.009765625
0 0.24375 0.76953125 0.0125 0.015625
0 0.41953125 0.65234375 0.0171875 0.01953125
0 0.46015625 0.6494140625 0.0171875 0.017578125
0 0.49765625 0.6484375 0.0171875 0.01953125
0 0.48359375 0.6220703125 0.0140625 0.017578125
0 0.459375 0.6240234375 0.01875 0.021484375
0 0.4171875 0.6220703125 0.021875 0.033203125
0 0.43359375 0.6064453125 0.0140625 0.017578125
0 0.47109375 0.6025390625 0.0140625 0.017578125
0 0.453125 0.5908203125 0.015625 0.017578125
0 0.40546875 0.5849609375 0.0328125 0.025390625
0 0.38515625 0.6025390625 0.0203125 0.029296875
0 0.19921875 0.9697265625 0.0234375 0.017578125
