0 0.41875 0.587890625 0.009375 0.01171875
0 0.45 0.5859375 0.009375 0.01171875
0 0.47734375 0.5859375 0.0109375 0.01171875
0 0.4671875 0.56640625 0.009375 0.01171875
0 0.4484375 0.568359375 0.0125 0.015625
0 0.4296875 0.5546875 0.009375 0.01171875
0 0.4171875 0.56640625 0.015625 0.0234375
0 0.4578125 0.5537109375 0.009375 0.013671875
0 0.4453125 0.5439453125 0.009375 0.013671875
0 0.40625 0.5400390625 0.025 0.017578125
0 0.39140625 0.5498046875 0.0140625 0.021484375
0 0.28515625 0.669921875 0.0078125 0.01171875
0 0.2328125 0.7099609375 0.015625 0.009765625
0 0.22421875 0.685546875 0.0140625 0.0078125
0 0.22265625 0.677734375 0.0140625 0.0078125
0 0.21953125 0.669921875 0.0171875 0.0078125
0 0.26015625 0.7978515625 0.0171875 0.013671875
