0 0.41796875 0.591796875 0.0109375 0.01171875
0 0.44921875 0.58984375 0.0109375 0.01171875
0 0.478125 0.58984375 0.009375 0.01171875
0 0.46796875 0.568359375 0.0109375 0.01171875
0 0.4484375 0.5712890625 0.0125 0.017578125
0 0.428125 0.55859375 0.009375 0.01171875
0 0.415625 0.5703125 0.015625 0.0234375
0 0.45859375 0.556640625 0.0109375 0.01171875
0 0.44375 0.546875 0.009375 0.01171875
0 0.40546875 0.54296875 0.0265625 0.015625
0 0.390625 0.552734375 0.015625 0.01953125
0 0.28125 0.67578125 0.009375 0.01171875
0 0.22734375 0.7177734375 0.0171875 0.009765625
0 0.21875 0.693359375 0.015625 0.0078125
0 0.2171875 0.685546875 0.015625 0.0078125
0 0.21328125 0.6767578125 0.0171875 0.009765625
0 0.25546875 0.8095703125 0.0171875 0.013671875
