0 0.1515625 0.865234375 0.021875 0.015625
0 0.1421875 0.8251953125 0.025 0.013671875
0 0.14140625 0.81640625 0.0234375 0.01171875
0 0.1390625 0.810546875 0.021875 0.0078125
0 0.13671875 0.80078125 0.0234375 0.01171875
0 0.23125 0.796875 0.0125 0.015625
0 0.421875 0.6689453125 0.01875 0.021484375
0 0.46484375 0.666015625 0.0171875 0.01953125
0 0.50234375 0.6650390625 0.0171875 0.017578125
0 0.4875 0.63671875 0.015625 0.01953125
0 0.46328125 0.640625 0.0203125 0.0234375
0 0.41875 0.63671875 0.021875 0.03515625
0 0.4359375 0.62109375 0.015625 0.01953125
0 0.475 0.6181640625 0.0125 0.017578125
0 0.45625 0.6044921875 0.015625 0.017578125
0 0.40625 0.5986328125 0.034375 0.025390625
0 0.384375 0.615234375 0.01875 0.03125
