0 0.43515625 0.7900390625 0.0234375 0.029296875
0 0.496875 0.7841796875 0.021875 0.029296875
0 0.5515625 0.7822265625 0.021875 0.029296875
0 0.52890625 0.7353515625 0.0203125 0.025390625
0 0.49296875 0.7421875 0.0265625 0.03515625
0 0.4296875 0.7392578125 0.034375 0.052734375
0 0.45390625 0.7099609375 0.0203125 0.029296875
0 0.509375 0.705078125 0.021875 0.02734375
0 0.48203125 0.6845703125 0.0234375 0.029296875
0 0.41171875 0.677734375 0.0515625 0.0390625
0 0.38359375 0.7021484375 0.0265625 0.041015625
