0 0.13359375 0.8994140625 0.0265625 0.017578125
0 0.125 0.8544921875 0.025 0.013671875
0 0.12421875 0.845703125 0.0265625 0.01171875
0 0.1234375 0.837890625 0.021875 0.0078125
0 0.11953125 0.830078125 0.0265625 0.01171875
0 0.221875 0.8251953125 0.0125 0.017578125
0 0.42265625 0.6845703125 0.0203125 0.021484375
0 0.46796875 0.681640625 0.0171875 0.01953125
0 0.50859375 0.6806640625 0.0171875 0.017578125
0 0.4921875 0.650390625 0.015625 0.01953125
0 0.46640625 0.654296875 0.0203125 0.0234375
0 0.4203125 0.650390625 0.021875 0.03515625
0 0.43671875 0.6328125 0.0171875 0.01953125
0 0.47890625 0.6298828125 0.0140625 0.017578125
0 0.45859375 0.615234375 0.0171875 0.01953125
0 0.40625 0.609375 0.0375 0.0234375
0 0.38359375 0.626953125 0.0203125 0.03125
