0 0.41875 0.568359375 0.009375 0.01171875
0 0.446875 0.5654296875 0.009375 0.009765625
0 0.4734375 0.5654296875 0.009375 0.009765625
0 0.4640625 0.548828125 0.009375 0.01171875
0 0.44609375 0.55078125 0.0109375 0.015625
0 0.428125 0.5390625 0.009375 0.01171875
0 0.41640625 0.5498046875 0.0140625 0.021484375
0 0.4546875 0.537109375 0.009375 0.01171875
0 0.44296875 0.529296875 0.0109375 0.01171875
0 0.40859375 0.525390625 0.0203125 0.015625
0 0.3953125 0.53515625 0.0125 0.01953125
0 0.30078125 0.6396484375 0.0078125 0.009765625
0 0.25390625 0.673828125 0.0140625 0.01171875
0 0.24609375 0.65234375 0.0140625 0.0078125
0 0.24453125 0.646484375 0.0140625 0.0078125
0 0.2421875 0.638671875 0.0125 0.0078125
0 0.28046875 0.748046875 0.0140625 0.01171875
