0 0.41953125 0.5810546875 0.0109375 0.013671875
0 0.45 0.5791015625 0.009375 0.009765625
0 0.47734375 0.5791015625 0.0109375 0.009765625
0 0.4671875 0.560546875 0.009375 0.01171875
0 0.4484375 0.5625 0.0125 0.015625
0 0.4296875 0.5498046875 0.009375 0.009765625
0 0.41796875 0.5615234375 0.0140625 0.021484375
0 0.4578125 0.548828125 0.009375 0.01171875
0 0.44453125 0.537109375 0.0078125 0.01171875
0 0.4078125 0.53515625 0.021875 0.015625
0 0.39296875 0.5458984375 0.0140625 0.021484375
0 0.29140625 0.658203125 0.0078125 0.01171875
0 0.24140625 0.6943359375 0.0140625 0.009765625
0 0.2328125 0.671875 0.015625 0.0078125
0 0.23203125 0.666015625 0.0140625 0.0078125
0 0.22890625 0.658203125 0.0140625 0.0078125
0 0.26875 0.779296875 0.015625 0.01171875
