0 0.4234375 0.6943359375 0.01875 0.021484375
0 0.46953125 0.6904296875 0.0171875 0.021484375
0 0.5109375 0.689453125 0.01875 0.0234375
0 0.4953125 0.65625 0.015625 0.01953125
0 0.46953125 0.6611328125 0.0203125 0.025390625
0 0.42109375 0.6591796875 0.0265625 0.037109375
0 0.43984375 0.6396484375 0.0171875 0.021484375
0 0.48203125 0.63671875 0.0171875 0.01953125
0 0.46015625 0.62109375 0.0171875 0.01953125
0 0.40546875 0.6142578125 0.0390625 0.025390625
0 0.384375 0.6328125 0.021875 0.03125
0 0.12265625 0.916015625 0.0265625 0.015625
0 0.215625 0.837890625 0.0125 0.015625
0 0.11484375 0.87109375 0.0234375 0.015625
0 0.1125 0.8603515625 0.028125 0.013671875
0 0.11328125 0.8515625 0.0265625 0.01171875
0 0.11171875 0.8447265625 0.0265625 0.013671875
