0 0.14609375 0.8720703125 0.0234375 0.017578125
0 0.1375 0.8310546875 0.025 0.013671875
0 0.1375 0.82421875 0.025 0.01171875
0 0.13515625 0.81640625 0.0203125 0.0078125
0 0.1328125 0.80859375 0.025 0.01171875
0 0.228125 0.8037109375 0.0125 0.017578125
0 0.421875 0.6728515625 0.01875 0.021484375
0 0.46484375 0.669921875 0.0171875 0.01953125
0 0.50390625 0.6689453125 0.0171875 0.017578125
0 0.4890625 0.640625 0.015625 0.01953125
0 0.46328125 0.64453125 0.0203125 0.0234375
0 0.41875 0.640625 0.021875 0.03515625
0 0.4359375 0.623046875 0.015625 0.01953125
0 0.47578125 0.6201171875 0.0140625 0.017578125
0 0.45703125 0.6064453125 0.0171875 0.017578125
0 0.40625 0.6005859375 0.034375 0.025390625
0 0.38359375 0.6181640625 0.0203125 0.029296875
