0 0.26875 0.6435546875 0.0125 0.009765625
0 0.2625 0.6259765625 0.0125 0.009765625
0 0.259375 0.6171875 0.0125 0.0078125
0 0.309375 0.6142578125 0.00625 0.009765625
0 0.41640625 0.5537109375 0.0078125 0.009765625
0 0.4421875 0.55078125 0.00625 0.0078125
0 0.4640625 0.55078125 0.009375 0.0078125
0 0.45703125 0.5361328125 0.0078125 0.009765625
0 0.4421875 0.5380859375 0.009375 0.013671875
0 0.415625 0.5361328125 0.0125 0.017578125
0 0.425 0.52734375 0.009375 0.0078125
0 0.45 0.5263671875 0.009375 0.009765625
0 0.43828125 0.5185546875 0.0078125 0.009765625
0 0.4078125 0.5166015625 0.01875 0.013671875
0 0.3953125 0.5234375 0.0125 0.01953125
0 0.29453125 0.70703125 0.0140625 0.0078125
