0 0.2734375 0.6064453125 0.0125 0.009765625
0 0.271875 0.5986328125 0.0125 0.009765625
0 0.2796875 0.623046875 0.0125 0.0078125
0 0.3171875 0.59765625 0.00625 0.0078125
0 0.4140625 0.5400390625 0.009375 0.009765625
0 0.43828125 0.5400390625 0.0078125 0.009765625
0 0.459375 0.5390625 0.009375 0.01171875
0 0.45234375 0.525390625 0.0078125 0.0078125
0 0.43828125 0.525390625 0.0078125 0.01171875
0 0.42265625 0.5166015625 0.0078125 0.009765625
0 0.4125 0.5244140625 0.0125 0.017578125
0 0.44609375 0.5146484375 0.0078125 0.009765625
0 0.43515625 0.5078125 0.0078125 0.01171875
0 0.40703125 0.5068359375 0.0171875 0.013671875
0 0.3953125 0.5126953125 0.009375 0.017578125
0 0.30390625 0.6796875 0.0109375 0.0078125
