0 0.42578125 0.7119140625 0.0203125 0.025390625
0 0.47578125 0.7080078125 0.0171875 0.021484375
0 0.51875 0.708984375 0.01875 0.0234375
0 0.50234375 0.6708984375 0.0171875 0.021484375
0 0.47265625 0.677734375 0.0203125 0.02734375
0 0.42265625 0.67578125 0.0265625 0.0390625
0 0.4421875 0.6533203125 0.01875 0.021484375
0 0.4875 0.6494140625 0.01875 0.021484375
0 0.465625 0.6328125 0.01875 0.0234375
0 0.4078125 0.626953125 0.040625 0.02734375
0 0.38359375 0.646484375 0.0234375 0.03125
0 0.1 0.9619140625 0.03125 0.021484375
0 0.20078125 0.8720703125 0.0140625 0.017578125
0 0.09296875 0.908203125 0.0296875 0.015625
0 0.08984375 0.8955078125 0.0296875 0.013671875
0 0.090625 0.8876953125 0.028125 0.013671875
0 0.08828125 0.8798828125 0.0265625 0.013671875
