0 0.1765625 0.8134765625 0.021875 0.017578125
0 0.16796875 0.779296875 0.0203125 0.01171875
0 0.16796875 0.7724609375 0.0203125 0.009765625
0 0.165625 0.7666015625 0.01875 0.009765625
0 0.1640625 0.7587890625 0.01875 0.009765625
0 0.2484375 0.755859375 0.0125 0.015625
0 0.41953125 0.642578125 0.0171875 0.01953125
0 0.45859375 0.6396484375 0.0171875 0.017578125
0 0.49296875 0.638671875 0.0171875 0.01953125
0 0.48046875 0.6142578125 0.0140625 0.017578125
0 0.4578125 0.6162109375 0.01875 0.021484375
0 0.41640625 0.615234375 0.0203125 0.03125
0 0.43359375 0.6005859375 0.0140625 0.017578125
0 0.46875 0.5966796875 0.0125 0.017578125
0 0.45234375 0.5849609375 0.0140625 0.017578125
0 0.4046875 0.5791015625 0.03125 0.025390625
0 0.3859375 0.595703125 0.01875 0.02734375
0 0.20703125 0.9453125 0.0234375 0.015625
