0 0.41875 0.5703125 0.009375 0.01171875
0 0.4484375 0.5673828125 0.009375 0.009765625
0 0.4734375 0.5673828125 0.009375 0.009765625
0 0.4640625 0.55078125 0.009375 0.01171875
0 0.446875 0.552734375 0.0125 0.015625
0 0.428125 0.541015625 0.009375 0.01171875
0 0.41640625 0.5517578125 0.0140625 0.021484375
0 0.4546875 0.5390625 0.009375 0.01171875
0 0.44296875 0.529296875 0.0109375 0.01171875
0 0.40859375 0.52734375 0.0203125 0.015625
0 0.3953125 0.537109375 0.0125 0.01953125
0 0.29921875 0.6416015625 0.0078125 0.009765625
0 0.25234375 0.6748046875 0.0140625 0.009765625
0 0.2453125 0.654296875 0.015625 0.0078125
0 0.24375 0.6484375 0.0125 0.0078125
0 0.240625 0.640625 0.0125 0.0078125
0 0.28046875 0.7490234375 0.0140625 0.009765625
