0 0.4171875 0.6181640625 0.0125 0.017578125
0 0.45390625 0.6171875 0.0140625 0.015625
0 0.48671875 0.615234375 0.0109375 0.01953125
0 0.47421875 0.591796875 0.0140625 0.015625
0 0.45390625 0.59375 0.0109375 0.01953125
0 0.4171875 0.59375 0.015625 0.02734375
0 0.43046875 0.5791015625 0.0109375 0.017578125
0 0.46328125 0.5771484375 0.0140625 0.017578125
0 0.4484375 0.564453125 0.0125 0.015625
0 0.40546875 0.5625 0.0296875 0.01953125
0 0.38984375 0.5693359375 0.0109375 0.021484375
0 0.26171875 0.7197265625 0.0109375 0.013671875
0 0.19921875 0.76953125 0.0171875 0.01171875
0 0.190625 0.7392578125 0.01875 0.009765625
0 0.1890625 0.7333984375 0.01875 0.009765625
0 0.18671875 0.728515625 0.0171875 0.0078125
0 0.1859375 0.7197265625 0.01875 0.009765625
0 0.228125 0.8818359375 0.01875 0.013671875
