0 0.2671875 0.70703125 0.009375 0.01171875
0 0.2078125 0.75390625 0.01875 0.01171875
0 0.1984375 0.7255859375 0.01875 0.009765625
0 0.19765625 0.7197265625 0.0171875 0.009765625
0 0.1953125 0.71484375 0.015625 0.0078125
0 0.19375 0.70703125 0.01875 0.0078125
0 0.41796875 0.6123046875 0.0140625 0.017578125
0 0.453125 0.609375 0.0125 0.01171875
0 0.4828125 0.6083984375 0.0125 0.013671875
0 0.471875 0.5859375 0.009375 0.01171875
0 0.4515625 0.5888671875 0.0125 0.017578125
0 0.41484375 0.5859375 0.0171875 0.02734375
0 0.4296875 0.57421875 0.009375 0.01171875
0 0.46171875 0.5732421875 0.0109375 0.013671875
0 0.446875 0.5615234375 0.0125 0.013671875
0 0.40390625 0.556640625 0.0296875 0.01953125
0 0.3875 0.5693359375 0.015625 0.021484375
0 0.23671875 0.8623046875 0.0203125 0.017578125
