0 0.134375 0.8955078125 0.025 0.017578125
0 0.1265625 0.8505859375 0.025 0.013671875
0 0.12578125 0.841796875 0.0265625 0.01171875
0 0.125 0.8359375 0.021875 0.0078125
0 0.12109375 0.828125 0.0265625 0.01171875
0 0.221875 0.8232421875 0.0125 0.017578125
0 0.42265625 0.6845703125 0.0203125 0.021484375
0 0.46796875 0.681640625 0.0171875 0.01953125
0 0.50859375 0.6806640625 0.0171875 0.017578125
0 0.4921875 0.650390625 0.015625 0.01953125
0 0.46640625 0.65234375 0.0203125 0.0234375
0 0.41953125 0.6494140625 0.0234375 0.037109375
0 0.43671875 0.6328125 0.0171875 0.01953125
0 0.478125 0.62890625 0.015625 0.015625
0 0.45859375 0.615234375 0.0171875 0.01953125
0 0.40625 0.6083984375 0.0375 0.025390625
0 0.38359375 0.6259765625 0.0203125 0.029296875
