0 0.42265625 0.6904296875 0.0171875 0.021484375
0 0.46796875 0.6865234375 0.0171875 0.021484375
0 0.509375 0.685546875 0.01875 0.0234375
0 0.49453125 0.65234375 0.0140625 0.01953125
0 0.46796875 0.6572265625 0.0203125 0.025390625
0 0.41953125 0.6552734375 0.0265625 0.037109375
0 0.43828125 0.6357421875 0.0171875 0.021484375
0 0.48046875 0.6328125 0.0171875 0.01953125
0 0.459375 0.6181640625 0.01875 0.017578125
0 0.40546875 0.611328125 0.0390625 0.02734375
0 0.384375 0.6298828125 0.021875 0.029296875
0 0.12890625 0.9072265625 0.0265625 0.017578125
0 0.21796875 0.8310546875 0.0140625 0.017578125
0 0.1203125 0.861328125 0.021875 0.015625
0 0.11875 0.8525390625 0.028125 0.013671875
0 0.11875 0.84375 0.025 0.01171875
0 0.11796875 0.8369140625 0.0265625 0.013671875
