0 0.428125 0.72265625 0.021875 0.02734375
0 0.47890625 0.720703125 0.0203125 0.0234375
0 0.5234375 0.71875 0.01875 0.0234375
0 0.50625 0.6787109375 0.01875 0.021484375
0 0.4765625 0.6865234375 0.021875 0.029296875
0 0.425 0.68359375 0.028125 0.0390625
0 0.4453125 0.66015625 0.01875 0.0234375
0 0.4890625 0.6572265625 0.01875 0.021484375
0 0.4671875 0.640625 0.01875 0.0234375
0 0.40625 0.6357421875 0.04375 0.033203125
0 0.384375 0.6552734375 0.025 0.037109375
0 0.1921875 0.890625 0.015625 0.01953125
0 0.08671875 0.982421875 0.0296875 0.01953125
0 0.07890625 0.9296875 0.0296875 0.015625
0 0.07890625 0.9189453125 0.0296875 0.013671875
0 0.078125 0.908203125 0.028125 0.015625
0 0.07421875 0.8974609375 0.0296875 0.013671875
