0 0.44921875 0.7392578125 0.0390625 0.052734375
0 0.546875 0.73046875 0.03125 0.046875
0 0.63671875 0.7236328125 0.0328125 0.044921875
0 0.59453125 0.6337890625 0.0328125 0.044921875
0 0.54140625 0.6474609375 0.0359375 0.052734375
0 0.44453125 0.64453125 0.0453125 0.08203125
0 0.478125 0.591796875 0.03125 0.04296875
0 0.56171875 0.5849609375 0.0296875 0.041015625
0 0.51953125 0.5458984375 0.0296875 0.037109375
0 0.41171875 0.5400390625 0.0671875 0.044921875
0 0.3703125 0.578125 0.040625 0.05859375
