0 0.15 0.8681640625 0.021875 0.017578125
0 0.140625 0.8271484375 0.025 0.013671875
0 0.13984375 0.8203125 0.0234375 0.01171875
0 0.1375 0.8125 0.021875 0.0078125
0 0.13515625 0.8046875 0.0234375 0.01171875
0 0.23046875 0.7998046875 0.0109375 0.017578125
0 0.421875 0.6708984375 0.01875 0.021484375
0 0.46484375 0.66796875 0.0171875 0.01953125
0 0.50390625 0.6669921875 0.0171875 0.017578125
0 0.48828125 0.638671875 0.0140625 0.01953125
0 0.46328125 0.6416015625 0.0203125 0.021484375
0 0.41875 0.638671875 0.021875 0.03515625
0 0.4359375 0.6220703125 0.015625 0.017578125
0 0.47578125 0.6181640625 0.0140625 0.017578125
0 0.45625 0.60546875 0.015625 0.01953125
0 0.40625 0.5986328125 0.034375 0.025390625
0 0.38359375 0.6162109375 0.0203125 0.029296875
