0 0.18046875 0.8046875 0.0234375 0.015625
0 0.171875 0.771484375 0.021875 0.01171875
0 0.17265625 0.765625 0.0203125 0.0078125
0 0.16953125 0.759765625 0.0203125 0.0078125
0 0.16796875 0.7529296875 0.0203125 0.009765625
0 0.25078125 0.75 0.0109375 0.01171875
0 0.41875 0.638671875 0.015625 0.01953125
0 0.45703125 0.6357421875 0.0171875 0.017578125
0 0.49296875 0.634765625 0.0171875 0.01953125
0 0.47890625 0.6103515625 0.0140625 0.017578125
0 0.45625 0.6123046875 0.01875 0.021484375
0 0.41640625 0.611328125 0.0203125 0.03125
0 0.4328125 0.5966796875 0.0125 0.017578125
0 0.4671875 0.5927734375 0.0125 0.017578125
0 0.45078125 0.58203125 0.0140625 0.015625
0 0.40546875 0.5751953125 0.0296875 0.025390625
0 0.3859375 0.5927734375 0.01875 0.029296875
0 0.21171875 0.9365234375 0.0234375 0.017578125
