0 0.41875 0.6171875 0.0125 0.015625
0 0.45390625 0.6162109375 0.0140625 0.013671875
0 0.4859375 0.615234375 0.0125 0.015625
0 0.47421875 0.591796875 0.0109375 0.015625
0 0.45234375 0.5927734375 0.0109375 0.017578125
0 0.415625 0.591796875 0.015625 0.02734375
0 0.4296875 0.5810546875 0.0125 0.013671875
0 0.46328125 0.5771484375 0.0140625 0.017578125
0 0.4484375 0.5654296875 0.0125 0.017578125
0 0.403125 0.5615234375 0.025 0.017578125
0 0.3875 0.576171875 0.015625 0.0234375
0 0.2625 0.71875 0.009375 0.01171875
0 0.2 0.767578125 0.01875 0.01171875
0 0.190625 0.7373046875 0.01875 0.009765625
0 0.18984375 0.7314453125 0.0171875 0.009765625
0 0.1875 0.7265625 0.015625 0.0078125
0 0.1859375 0.71875 0.01875 0.0078125
0 0.2296875 0.880859375 0.015625 0.01171875
