0 0.425 0.701171875 0.01875 0.0234375
0 0.47265625 0.6962890625 0.0171875 0.021484375
0 0.5140625 0.697265625 0.01875 0.0234375
0 0.4984375 0.662109375 0.015625 0.01953125
0 0.47109375 0.66796875 0.0203125 0.02734375
0 0.42109375 0.666015625 0.0265625 0.0390625
0 0.440625 0.6455078125 0.01875 0.021484375
0 0.48359375 0.6416015625 0.0171875 0.021484375
0 0.4625 0.6259765625 0.01875 0.021484375
0 0.40703125 0.619140625 0.0390625 0.02734375
0 0.384375 0.638671875 0.021875 0.03125
0 0.115625 0.93359375 0.025 0.01953125
0 0.21015625 0.8515625 0.0140625 0.01953125
0 0.10546875 0.884765625 0.0265625 0.015625
0 0.10390625 0.8740234375 0.0296875 0.013671875
0 0.10390625 0.8662109375 0.0265625 0.013671875
0 0.10234375 0.8583984375 0.0265625 0.013671875
