0 0.2671875 0.705078125 0.009375 0.01171875
0 0.2078125 0.751953125 0.01875 0.01171875
0 0.1984375 0.7236328125 0.01875 0.009765625
0 0.19765625 0.7177734375 0.0171875 0.009765625
0 0.1953125 0.712890625 0.015625 0.0078125
0 0.19375 0.70703125 0.01875 0.0078125
0 0.41796875 0.611328125 0.0140625 0.015625
0 0.453125 0.6083984375 0.0125 0.013671875
0 0.4828125 0.607421875 0.0125 0.015625
0 0.471875 0.5849609375 0.009375 0.009765625
0 0.4515625 0.587890625 0.0125 0.01953125
0 0.41484375 0.5849609375 0.0171875 0.025390625
0 0.4296875 0.5732421875 0.009375 0.013671875
0 0.46171875 0.5712890625 0.0109375 0.013671875
0 0.446875 0.560546875 0.0125 0.01171875
0 0.40390625 0.5556640625 0.0296875 0.017578125
0 0.3875 0.5693359375 0.015625 0.021484375
0 0.2375 0.857421875 0.021875 0.015625
