0 0.43359375 0.767578125 0.0171875 0.0234375
0 0.4921875 0.7626953125 0.01875 0.025390625
0 0.54453125 0.759765625 0.0171875 0.0234375
0 0.5234375 0.7158203125 0.015625 0.025390625
0 0.48828125 0.7216796875 0.0203125 0.029296875
0 0.43046875 0.7216796875 0.0265625 0.044921875
0 0.4515625 0.6923828125 0.015625 0.025390625
0 0.50390625 0.6904296875 0.0203125 0.025390625
0 0.4796875 0.66796875 0.015625 0.0234375
0 0.4109375 0.6630859375 0.046875 0.025390625
0 0.38515625 0.685546875 0.0171875 0.03515625
0 0.1578125 0.9755859375 0.01875 0.025390625
0 0.0203125 0.982421875 0.03125 0.01953125
