0 0.41875 0.6240234375 0.015625 0.017578125
0 0.45546875 0.62109375 0.0140625 0.015625
0 0.48828125 0.6201171875 0.0140625 0.017578125
0 0.47578125 0.5966796875 0.0140625 0.017578125
0 0.45546875 0.599609375 0.0171875 0.0234375
0 0.41640625 0.5966796875 0.0203125 0.033203125
0 0.43203125 0.583984375 0.0140625 0.015625
0 0.46484375 0.5810546875 0.0140625 0.017578125
0 0.44921875 0.5693359375 0.0140625 0.017578125
0 0.40390625 0.5654296875 0.0265625 0.021484375
0 0.38671875 0.578125 0.0171875 0.02734375
0 0.259375 0.7265625 0.009375 0.01171875
0 0.19453125 0.77734375 0.0171875 0.01171875
0 0.1859375 0.7470703125 0.01875 0.009765625
0 0.184375 0.7412109375 0.01875 0.009765625
0 0.18203125 0.734375 0.0171875 0.0078125
0 0.18125 0.7265625 0.01875 0.0078125
0 0.2234375 0.89453125 0.021875 0.015625
