0 0.4171875 0.607421875 0.0125 0.015625
0 0.45234375 0.603515625 0.0140625 0.01171875
0 0.48203125 0.6025390625 0.0109375 0.013671875
0 0.471875 0.5810546875 0.009375 0.009765625
0 0.45078125 0.583984375 0.0140625 0.01953125
0 0.41484375 0.5810546875 0.0171875 0.025390625
0 0.4296875 0.5693359375 0.009375 0.013671875
0 0.46171875 0.5673828125 0.0109375 0.013671875
0 0.44609375 0.556640625 0.0109375 0.01171875
0 0.40390625 0.5517578125 0.0265625 0.017578125
0 0.3875 0.5654296875 0.015625 0.021484375
0 0.27109375 0.69921875 0.0078125 0.01171875
0 0.21171875 0.7451171875 0.0171875 0.009765625
0 0.20390625 0.7138671875 0.0140625 0.009765625
0 0.203125 0.7080078125 0.015625 0.009765625
0 0.2 0.7001953125 0.015625 0.009765625
0 0.240625 0.84375 0.01875 0.01171875
