0 0.4296875 0.7392578125 0.021875 0.025390625
0 0.4828125 0.7353515625 0.01875 0.021484375
0 0.53203125 0.732421875 0.0203125 0.01953125
0 0.5125 0.693359375 0.01875 0.0234375
0 0.48203125 0.69921875 0.0203125 0.03125
0 0.42734375 0.697265625 0.0296875 0.0390625
0 0.44765625 0.673828125 0.0171875 0.0234375
0 0.4953125 0.669921875 0.01875 0.0234375
0 0.4734375 0.650390625 0.015625 0.0234375
0 0.40703125 0.6435546875 0.0453125 0.025390625
0 0.3859375 0.6669921875 0.021875 0.037109375
0 0.18046875 0.9228515625 0.0140625 0.021484375
0 0.059375 0.9638671875 0.03125 0.017578125
0 0.05859375 0.9521484375 0.0296875 0.013671875
0 0.05703125 0.94140625 0.0296875 0.015625
0 0.05390625 0.9296875 0.0296875 0.015625
