0 0.41796875 0.5615234375 0.0078125 0.009765625
0 0.4453125 0.5595703125 0.009375 0.009765625
0 0.46953125 0.5595703125 0.0078125 0.009765625
0 0.4609375 0.54296875 0.009375 0.01171875
0 0.44453125 0.5439453125 0.0109375 0.013671875
0 0.42734375 0.5341796875 0.0078125 0.009765625
0 0.41640625 0.5439453125 0.0140625 0.021484375
0 0.453125 0.5322265625 0.009375 0.013671875
0 0.4421875 0.5234375 0.009375 0.01171875
0 0.40859375 0.521484375 0.0203125 0.01171875
0 0.39453125 0.529296875 0.0140625 0.01953125
0 0.30390625 0.62890625 0.0078125 0.01171875
0 0.26171875 0.6591796875 0.0140625 0.009765625
0 0.253125 0.638671875 0.0125 0.01171875
0 0.24921875 0.6279296875 0.0140625 0.009765625
0 0.28515625 0.73046875 0.0140625 0.01171875
