0 0.4328125 0.7685546875 0.015625 0.025390625
0 0.49375 0.7646484375 0.01875 0.025390625
0 0.5453125 0.76171875 0.015625 0.02734375
0 0.52265625 0.7177734375 0.0203125 0.025390625
0 0.48984375 0.72265625 0.0203125 0.03125
0 0.43203125 0.7236328125 0.0265625 0.044921875
0 0.45234375 0.6953125 0.0203125 0.02734375
0 0.503125 0.689453125 0.01875 0.0234375
0 0.4796875 0.6689453125 0.015625 0.021484375
0 0.41171875 0.6630859375 0.0421875 0.029296875
0 0.38515625 0.6865234375 0.0234375 0.037109375
0 0.15625 0.9794921875 0.01875 0.025390625
0 0.01796875 0.986328125 0.0328125 0.01953125
