0 0.42578125 0.7138671875 0.0203125 0.025390625
0 0.47578125 0.708984375 0.0171875 0.01953125
0 0.51875 0.7109375 0.01875 0.0234375
0 0.50234375 0.6728515625 0.0171875 0.021484375
0 0.47265625 0.6796875 0.0203125 0.02734375
0 0.42265625 0.677734375 0.0265625 0.0390625
0 0.4421875 0.6552734375 0.01875 0.021484375
0 0.4875 0.6513671875 0.01875 0.021484375
0 0.465625 0.634765625 0.01875 0.0234375
0 0.4078125 0.62890625 0.040625 0.02734375
0 0.38359375 0.6474609375 0.0234375 0.033203125
0 0.0984375 0.966796875 0.03125 0.01953125
0 0.08984375 0.912109375 0.0265625 0.015625
0 0.0890625 0.900390625 0.028125 0.01171875
0 0.08828125 0.892578125 0.0296875 0.01171875
0 0.0859375 0.8837890625 0.028125 0.013671875
0 0.19921875 0.8759765625 0.0140625 0.017578125
