0 0.178125 0.8125 0.021875 0.015625
0 0.16875 0.77734375 0.021875 0.01171875
0 0.16953125 0.7705078125 0.0203125 0.009765625
0 0.16640625 0.765625 0.0203125 0.0078125
0 0.16484375 0.7587890625 0.0203125 0.009765625
0 0.2484375 0.7548828125 0.0125 0.013671875
0 0.41875 0.642578125 0.015625 0.01953125
0 0.45859375 0.6396484375 0.0171875 0.017578125
0 0.49296875 0.638671875 0.0171875 0.01953125
0 0.48046875 0.61328125 0.0140625 0.01953125
0 0.4578125 0.6162109375 0.01875 0.021484375
0 0.41640625 0.6142578125 0.0203125 0.029296875
0 0.4328125 0.5986328125 0.0125 0.017578125
0 0.46875 0.5947265625 0.0125 0.017578125
0 0.4515625 0.583984375 0.015625 0.015625
0 0.4046875 0.5771484375 0.03125 0.025390625
0 0.3859375 0.5947265625 0.01875 0.029296875
0 0.209375 0.943359375 0.025 0.015625
