0 0.41875 0.5634765625 0.009375 0.009765625
0 0.446875 0.5615234375 0.009375 0.009765625
0 0.47109375 0.5615234375 0.0078125 0.009765625
0 0.4625 0.544921875 0.009375 0.01171875
0 0.44609375 0.5458984375 0.0109375 0.013671875
0 0.42890625 0.5361328125 0.0078125 0.009765625
0 0.41640625 0.5458984375 0.0140625 0.021484375
0 0.45390625 0.5341796875 0.0109375 0.013671875
0 0.4421875 0.525390625 0.009375 0.01171875
0 0.40859375 0.5234375 0.0203125 0.01171875
0 0.39453125 0.53125 0.0140625 0.01953125
0 0.30234375 0.6337890625 0.0078125 0.009765625
0 0.25859375 0.6650390625 0.0140625 0.009765625
0 0.25 0.64453125 0.0125 0.01171875
0 0.24765625 0.6337890625 0.0140625 0.009765625
0 0.284375 0.7373046875 0.0125 0.009765625
0 0.28359375 0.7373046875 0.0140625 0.009765625
