0 0.41953125 0.576171875 0.0109375 0.01171875
0 0.4484375 0.5732421875 0.009375 0.009765625
0 0.47578125 0.5732421875 0.0109375 0.009765625
0 0.465625 0.556640625 0.009375 0.01171875
0 0.44765625 0.55859375 0.0109375 0.015625
0 0.4296875 0.5458984375 0.009375 0.009765625
0 0.41796875 0.5576171875 0.0140625 0.021484375
0 0.45625 0.544921875 0.009375 0.01171875
0 0.44375 0.533203125 0.009375 0.01171875
0 0.4078125 0.53125 0.021875 0.015625
0 0.39375 0.5419921875 0.0125 0.021484375
0 0.29453125 0.65234375 0.0078125 0.01171875
0 0.2453125 0.6875 0.015625 0.01171875
0 0.23828125 0.666015625 0.0140625 0.0078125
0 0.23671875 0.66015625 0.0140625 0.0078125
0 0.234375 0.65234375 0.0125 0.0078125
0 0.2734375 0.767578125 0.015625 0.01171875
