0 0.41875 0.623046875 0.015625 0.01953125
0 0.45546875 0.62109375 0.0140625 0.015625
0 0.4875 0.619140625 0.015625 0.01953125
0 0.475 0.595703125 0.0125 0.015625
0 0.4546875 0.5986328125 0.015625 0.021484375
0 0.41640625 0.5966796875 0.0203125 0.033203125
0 0.43203125 0.583984375 0.0140625 0.015625
0 0.46484375 0.5810546875 0.0140625 0.017578125
0 0.44921875 0.5693359375 0.0140625 0.017578125
0 0.40390625 0.5654296875 0.0265625 0.021484375
0 0.38671875 0.578125 0.0171875 0.02734375
0 0.259375 0.7255859375 0.009375 0.013671875
0 0.1953125 0.775390625 0.01875 0.01171875
0 0.1859375 0.7451171875 0.01875 0.009765625
0 0.1859375 0.7392578125 0.01875 0.009765625
0 0.18359375 0.734375 0.0171875 0.0078125
0 0.18125 0.7255859375 0.01875 0.009765625
0 0.2265625 0.890625 0.021875 0.015625
