0 0.41953125 0.634765625 0.0171875 0.01953125
0 0.45859375 0.6318359375 0.0140625 0.017578125
0 0.4921875 0.630859375 0.015625 0.01953125
0 0.47890625 0.60546875 0.0140625 0.01953125
0 0.4578125 0.609375 0.01875 0.0234375
0 0.4171875 0.6064453125 0.021875 0.033203125
0 0.43359375 0.5927734375 0.0140625 0.017578125
0 0.46796875 0.58984375 0.0140625 0.01953125
0 0.4515625 0.5771484375 0.015625 0.017578125
0 0.40546875 0.57421875 0.0296875 0.02734375
0 0.3859375 0.5869140625 0.01875 0.029296875
0 0.253125 0.7431640625 0.009375 0.013671875
0 0.18515625 0.796875 0.0171875 0.01171875
0 0.1765625 0.7646484375 0.01875 0.009765625
0 0.17578125 0.7587890625 0.0203125 0.009765625
0 0.1734375 0.751953125 0.01875 0.0078125
0 0.171875 0.7412109375 0.01875 0.009765625
0 0.215625 0.9228515625 0.021875 0.013671875
