0 0.2734375 0.6357421875 0.0125 0.009765625
0 0.2671875 0.6162109375 0.0125 0.009765625
0 0.26328125 0.6083984375 0.0109375 0.009765625
0 0.3140625 0.607421875 0.00625 0.0078125
0 0.41484375 0.5478515625 0.0078125 0.009765625
0 0.440625 0.546875 0.00625 0.0078125
0 0.46171875 0.546875 0.0078125 0.0078125
0 0.4546875 0.5322265625 0.00625 0.009765625
0 0.440625 0.533203125 0.009375 0.01171875
0 0.4140625 0.5302734375 0.0125 0.017578125
0 0.4234375 0.5224609375 0.009375 0.009765625
0 0.446875 0.5205078125 0.009375 0.009765625
0 0.43671875 0.513671875 0.0078125 0.01171875
0 0.40625 0.5107421875 0.01875 0.013671875
0 0.39453125 0.5185546875 0.0109375 0.017578125
0 0.2984375 0.6943359375 0.0125 0.009765625
