0 0.4171875 0.611328125 0.0125 0.015625
0 0.453125 0.607421875 0.0125 0.01171875
0 0.48359375 0.6064453125 0.0109375 0.013671875
0 0.471875 0.5849609375 0.009375 0.009765625
0 0.4515625 0.587890625 0.0125 0.01953125
0 0.41484375 0.5849609375 0.0171875 0.025390625
0 0.4296875 0.572265625 0.009375 0.01171875
0 0.46171875 0.5712890625 0.0109375 0.013671875
0 0.446875 0.5595703125 0.0125 0.013671875
0 0.40390625 0.5546875 0.0296875 0.01953125
0 0.3875 0.568359375 0.015625 0.0234375
0 0.26796875 0.705078125 0.0078125 0.01171875
0 0.20703125 0.7529296875 0.0171875 0.009765625
0 0.19921875 0.724609375 0.0140625 0.0078125
0 0.19765625 0.71484375 0.0171875 0.0078125
0 0.1953125 0.7080078125 0.015625 0.009765625
0 0.2359375 0.8603515625 0.021875 0.017578125
