0 0.43125 0.7509765625 0.021875 0.029296875
0 0.4875 0.7470703125 0.021875 0.025390625
0 0.53671875 0.7470703125 0.0234375 0.025390625
0 0.515625 0.7021484375 0.01875 0.021484375
0 0.4828125 0.7099609375 0.025 0.033203125
0 0.428125 0.70703125 0.03125 0.04296875
0 0.44921875 0.681640625 0.0171875 0.0234375
0 0.49921875 0.6787109375 0.0203125 0.025390625
0 0.4734375 0.6591796875 0.021875 0.025390625
0 0.4078125 0.6552734375 0.046875 0.033203125
0 0.384375 0.6748046875 0.025 0.037109375
0 0.17265625 0.9423828125 0.0171875 0.021484375
0 0.046875 0.986328125 0.03125 0.01953125
0 0.04609375 0.9736328125 0.0296875 0.013671875
0 0.04375 0.9619140625 0.03125 0.017578125
0 0.04140625 0.94921875 0.0296875 0.015625
