0 0.43515625 0.7919921875 0.0234375 0.029296875
0 0.496875 0.7861328125 0.021875 0.029296875
0 0.553125 0.7841796875 0.021875 0.029296875
0 0.52890625 0.7373046875 0.0203125 0.025390625
0 0.49296875 0.744140625 0.0265625 0.03515625
0 0.43046875 0.7412109375 0.0359375 0.052734375
0 0.45546875 0.712890625 0.0203125 0.02734375
0 0.5109375 0.7080078125 0.021875 0.025390625
0 0.4828125 0.6865234375 0.021875 0.029296875
0 0.4109375 0.6806640625 0.053125 0.037109375
0 0.3828125 0.7041015625 0.028125 0.041015625
