0 0.43515625 0.76953125 0.0203125 0.0234375
0 0.49296875 0.7646484375 0.0171875 0.021484375
0 0.546875 0.76171875 0.01875 0.0234375
0 0.525 0.7197265625 0.01875 0.021484375
0 0.490625 0.7236328125 0.021875 0.029296875
0 0.43046875 0.7236328125 0.0296875 0.044921875
0 0.45390625 0.697265625 0.0171875 0.0234375
0 0.50625 0.69140625 0.015625 0.01953125
0 0.48046875 0.669921875 0.0171875 0.0234375
0 0.41015625 0.6640625 0.0484375 0.03125
0 0.38359375 0.6865234375 0.0234375 0.033203125
0 0.15625 0.9814453125 0.01875 0.025390625
0 0.01640625 0.98828125 0.0328125 0.01953125
