0 0.4265625 0.716796875 0.021875 0.02734375
0 0.4765625 0.71484375 0.01875 0.0234375
0 0.5203125 0.712890625 0.01875 0.0234375
0 0.503125 0.6748046875 0.01875 0.021484375
0 0.475 0.681640625 0.021875 0.03125
0 0.425 0.6796875 0.028125 0.0390625
0 0.4453125 0.65625 0.01875 0.0234375
0 0.48671875 0.6533203125 0.0171875 0.021484375
0 0.465625 0.63671875 0.01875 0.0234375
0 0.40625 0.6318359375 0.04375 0.033203125
0 0.384375 0.650390625 0.025 0.0390625
0 0.196875 0.880859375 0.015625 0.0234375
0 0.09375 0.970703125 0.03125 0.0234375
0 0.0859375 0.91796875 0.028125 0.015625
0 0.0859375 0.90625 0.028125 0.015625
0 0.08515625 0.896484375 0.0265625 0.015625
0 0.08125 0.8857421875 0.028125 0.013671875
