0 0.428125 0.7265625 0.021875 0.02734375
0 0.48046875 0.7236328125 0.0203125 0.025390625
0 0.52578125 0.72265625 0.0203125 0.0234375
0 0.5078125 0.6826171875 0.01875 0.021484375
0 0.47734375 0.689453125 0.0234375 0.03125
0 0.42578125 0.6865234375 0.0296875 0.041015625
0 0.44609375 0.6640625 0.0171875 0.0234375
0 0.490625 0.66015625 0.01875 0.0234375
0 0.46796875 0.642578125 0.0203125 0.0234375
0 0.40703125 0.6396484375 0.0453125 0.033203125
0 0.384375 0.6572265625 0.025 0.037109375
0 0.190625 0.89453125 0.015625 0.01953125
0 0.08359375 0.9912109375 0.0296875 0.017578125
0 0.075 0.9375 0.028125 0.015625
0 0.075 0.92578125 0.028125 0.015625
0 0.0734375 0.916015625 0.028125 0.015625
0 0.0703125 0.904296875 0.028125 0.015625
