0 0.41875 0.625 0.015625 0.01953125
0 0.45546875 0.623046875 0.0140625 0.015625
0 0.48828125 0.62109375 0.0140625 0.01953125
0 0.47578125 0.59765625 0.0140625 0.015625
0 0.45546875 0.6005859375 0.0171875 0.021484375
0 0.4171875 0.5986328125 0.021875 0.033203125
0 0.43203125 0.5859375 0.0140625 0.015625
0 0.46484375 0.5830078125 0.0140625 0.017578125
0 0.44921875 0.5712890625 0.0140625 0.017578125
0 0.40546875 0.56640625 0.0296875 0.0234375
0 0.38671875 0.580078125 0.0171875 0.02734375
0 0.25859375 0.728515625 0.0109375 0.01171875
0 0.19375 0.779296875 0.01875 0.01171875
0 0.184375 0.7490234375 0.01875 0.009765625
0 0.184375 0.7431640625 0.01875 0.009765625
0 0.18203125 0.736328125 0.0171875 0.0078125
0 0.1796875 0.728515625 0.01875 0.0078125
0 0.2234375 0.896484375 0.021875 0.015625
