0 0.41875 0.6259765625 0.015625 0.017578125
0 0.45546875 0.623046875 0.0140625 0.015625
0 0.48828125 0.6220703125 0.0140625 0.017578125
0 0.47578125 0.5986328125 0.0140625 0.017578125
0 0.45546875 0.6015625 0.0171875 0.0234375
0 0.41796875 0.59765625 0.0171875 0.03125
0 0.43203125 0.5859375 0.0140625 0.015625
0 0.46484375 0.5830078125 0.0140625 0.017578125
0 0.44921875 0.5712890625 0.0140625 0.017578125
0 0.4046875 0.568359375 0.028125 0.01953125
0 0.38671875 0.580078125 0.0171875 0.02734375
0 0.2578125 0.7294921875 0.009375 0.013671875
0 0.19296875 0.78125 0.0171875 0.01171875
0 0.184375 0.7509765625 0.01875 0.009765625
0 0.1828125 0.7451171875 0.01875 0.009765625
0 0.18046875 0.73828125 0.0171875 0.0078125
0 0.1796875 0.7294921875 0.01875 0.009765625
0 0.2234375 0.8994140625 0.021875 0.017578125
