0 0.4296875 0.7353515625 0.021875 0.025390625
0 0.484375 0.73046875 0.01875 0.01953125
0 0.53046875 0.728515625 0.0203125 0.01953125
0 0.5109375 0.6904296875 0.01875 0.021484375
0 0.48046875 0.6953125 0.0234375 0.02734375
0 0.42578125 0.6943359375 0.0265625 0.041015625
0 0.44765625 0.669921875 0.0171875 0.0234375
0 0.49453125 0.66796875 0.0203125 0.0234375
0 0.471875 0.6494140625 0.01875 0.025390625
0 0.40703125 0.642578125 0.0453125 0.02734375
0 0.38359375 0.6630859375 0.0203125 0.037109375
0 0.18359375 0.9140625 0.0171875 0.0234375
0 0.06328125 0.9560546875 0.0296875 0.017578125
0 0.06328125 0.9453125 0.0296875 0.015625
0 0.06171875 0.93359375 0.0296875 0.015625
0 0.0578125 0.921875 0.028125 0.015625
